Experiment = FASERv2FCC_deep | seed 2 | Neutrino = -14 | Exp. Target density (nucleons / cm3) = 10^(25.1) | Exp. Target Length = 6600.0 cm | Total Events = 66971812.7 |        del_theta = 0.06 mrad, theta_max = 50.0 mrad |        del_Elepton = 30.0 % , Elepton_min = 100.00 GeV, Elepton_max = 100000.00 GeV|        del_Ehadron = 30.0 %, Ehadron_min = 100.00 GeV GeV, Ehadron_max = 100000.00 GeV
x_lower         x_upper         x_avg          Q2_lower[GeV^2]      Q2_upper[GeV^2]      Q2_avg[GeV^2]       E_nu_lower[GeV]      E_nu_upper[GeV]      E_nu_avg[GeV]       d^sigma/dxdQ2(x_avg,Q2_avg,Enu_avg) pb / GeV^2         N_events        N_events_errs = Sqrt[N_events]     N_sys_errs          Fractional_error_theta    Fractional_error_Elepton Fractional_error_Ehadron MC_Samples 
1.000000e-04    1.373824e-04    nan            4.000000e+00         1.000000e+01         nan                 1.133635e+01         4.000000e+04         nan                 nan                                                    0.000000e+00    nan                                nan                 nan                       nan                      nan                      nan 
1.000000e-04    1.373824e-04    nan            1.000000e+01         1.000000e+02         nan                 1.133635e+01         4.000000e+04         nan                 nan                                                    0.000000e+00    nan                                nan                 nan                       nan                      nan                      nan 
1.000000e-04    1.373824e-04    nan            1.000000e+02         1.000000e+03         nan                 1.133635e+01         4.000000e+04         nan                 nan                                                    0.000000e+00    nan                                nan                 nan                       nan                      nan                      nan 
1.000000e-04    1.373824e-04    nan            1.000000e+03         1.000000e+04         nan                 1.133635e+01         4.000000e+04         nan                 nan                                                    0.000000e+00    nan                                nan                 nan                       nan                      nan                      nan 
1.000000e-04    1.373824e-04    nan            1.000000e+04         1.000000e+05         nan                 1.133635e+01         4.000000e+04         nan                 nan                                                    0.000000e+00    nan                                nan                 nan                       nan                      nan                      nan 
1.373824e-04    1.887392e-04    1.723009e-04   4.000000e+00         1.000000e+01         5.629017e+00        1.133635e+01         4.000000e+04         1.973588e+04        3.779662e+01                                           8.516553e+02    2.918313e+01                       965.209             0.216667                  0.333333                 0.183333                 4.198000e+03 
1.373824e-04    1.887392e-04    nan            1.000000e+01         1.000000e+02         nan                 1.133635e+01         4.000000e+04         nan                 nan                                                    0.000000e+00    nan                                nan                 nan                       nan                      nan                      nan 
1.373824e-04    1.887392e-04    nan            1.000000e+02         1.000000e+03         nan                 1.133635e+01         4.000000e+04         nan                 nan                                                    0.000000e+00    nan                                nan                 nan                       nan                      nan                      nan 
1.373824e-04    1.887392e-04    nan            1.000000e+03         1.000000e+04         nan                 1.133635e+01         4.000000e+04         nan                 nan                                                    0.000000e+00    nan                                nan                 nan                       nan                      nan                      nan 
1.373824e-04    1.887392e-04    nan            1.000000e+04         1.000000e+05         nan                 1.133635e+01         4.000000e+04         nan                 nan                                                    0.000000e+00    nan                                nan                 nan                       nan                      nan                      nan 
1.887392e-04    2.592944e-04    2.319100e-04   4.000000e+00         1.000000e+01         5.408390e+00        1.133635e+01         4.000000e+04         1.622989e+04        2.728130e+01                                           2.955526e+03    5.436475e+01                       504.602             0.24878                   0.14878                  0.173171                 5.825000e+03 
1.887392e-04    2.592944e-04    nan            1.000000e+01         1.000000e+02         nan                 1.133635e+01         4.000000e+04         nan                 nan                                                    0.000000e+00    nan                                nan                 nan                       nan                      nan                      nan 
1.887392e-04    2.592944e-04    nan            1.000000e+02         1.000000e+03         nan                 1.133635e+01         4.000000e+04         nan                 nan                                                    0.000000e+00    nan                                nan                 nan                       nan                      nan                      nan 
1.887392e-04    2.592944e-04    nan            1.000000e+03         1.000000e+04         nan                 1.133635e+01         4.000000e+04         nan                 nan                                                    0.000000e+00    nan                                nan                 nan                       nan                      nan                      nan 
1.887392e-04    2.592944e-04    nan            1.000000e+04         1.000000e+05         nan                 1.133635e+01         4.000000e+04         nan                 nan                                                    0.000000e+00    nan                                nan                 nan                       nan                      nan                      nan 
2.592944e-04    3.562248e-04    3.090583e-04   4.000000e+00         1.000000e+01         5.809691e+00        1.133635e+01         4.000000e+04         1.355529e+04        2.001261e+01                                           8.551747e+03    9.247566e+01                       1355.37             0.0641509                 0.177358                 0.15                     6.867000e+03 
2.592944e-04    3.562248e-04    3.325277e-04   1.000000e+01         1.000000e+02         1.123227e+01        1.133635e+01         4.000000e+04         2.305999e+04        2.575852e+01                                           5.928616e+02    2.434875e+01                       1173.87             0.48                      0.84                     1.36                     4.550000e+02 
2.592944e-04    3.562248e-04    nan            1.000000e+02         1.000000e+03         nan                 1.133635e+01         4.000000e+04         nan                 nan                                                    0.000000e+00    nan                                nan                 nan                       nan                      nan                      nan 
2.592944e-04    3.562248e-04    nan            1.000000e+03         1.000000e+04         nan                 1.133635e+01         4.000000e+04         nan                 nan                                                    0.000000e+00    nan                                nan                 nan                       nan                      nan                      nan 
2.592944e-04    3.562248e-04    nan            1.000000e+04         1.000000e+05         nan                 1.133635e+01         4.000000e+04         nan                 nan                                                    0.000000e+00    nan                                nan                 nan                       nan                      nan                      nan 
3.562248e-04    4.893901e-04    4.256800e-04   4.000000e+00         1.000000e+01         6.128913e+00        1.133635e+01         4.000000e+04         1.175984e+04        1.509814e+01                                           1.776007e+04    1.332669e+02                       1168.07             0.138077                  0.111154                 0.165                    7.828000e+03 
3.562248e-04    4.893901e-04    4.244824e-04   1.000000e+01         1.000000e+02         1.313671e+01        1.133635e+01         4.000000e+04         1.991220e+04        2.079588e+01                                           3.168554e+03    5.628991e+01                       813.063             0.111321                  0.101887                 0.218868                 8.080000e+02 
3.562248e-04    4.893901e-04    nan            1.000000e+02         1.000000e+03         nan                 1.133635e+01         4.000000e+04         nan                 nan                                                    0.000000e+00    nan                                nan                 nan                       nan                      nan                      nan 
3.562248e-04    4.893901e-04    nan            1.000000e+03         1.000000e+04         nan                 1.133635e+01         4.000000e+04         nan                 nan                                                    0.000000e+00    nan                                nan                 nan                       nan                      nan                      nan 
3.562248e-04    4.893901e-04    nan            1.000000e+04         1.000000e+05         nan                 1.133635e+01         4.000000e+04         nan                 nan                                                    0.000000e+00    nan                                nan                 nan                       nan                      nan                      nan 
4.893901e-04    6.723358e-04    5.841991e-04   4.000000e+00         1.000000e+01         6.247504e+00        1.133635e+01         4.000000e+04         9.572162e+03        1.087829e+01                                           3.442026e+04    1.855270e+02                       2698.78             0.0698113                 0.199161                 0.104822                 8.360000e+03 
4.893901e-04    6.723358e-04    5.985550e-04   1.000000e+01         1.000000e+02         1.441310e+01        1.133635e+01         4.000000e+04         1.647849e+04        1.448239e+01                                           1.082675e+04    1.040517e+02                       2225.13             0.0423313                 0.171166                 0.092638                 1.465000e+03 
4.893901e-04    6.723358e-04    nan            1.000000e+02         1.000000e+03         nan                 1.133635e+01         4.000000e+04         nan                 nan                                                    0.000000e+00    nan                                nan                 nan                       nan                      nan                      nan 
4.893901e-04    6.723358e-04    nan            1.000000e+03         1.000000e+04         nan                 1.133635e+01         4.000000e+04         nan                 nan                                                    0.000000e+00    nan                                nan                 nan                       nan                      nan                      nan 
4.893901e-04    6.723358e-04    nan            1.000000e+04         1.000000e+05         nan                 1.133635e+01         4.000000e+04         nan                 nan                                                    0.000000e+00    nan                                nan                 nan                       nan                      nan                      nan 
6.723358e-04    9.236709e-04    7.975826e-04   4.000000e+00         1.000000e+01         6.363025e+00        1.133635e+01         4.000000e+04         7.760502e+03        7.724708e+00                                           5.854065e+04    2.419518e+02                       6190.59             0.0826347                 0.15976                  0.105389                 8.797000e+03 
6.723358e-04    9.236709e-04    8.128003e-04   1.000000e+01         1.000000e+02         1.552299e+01        1.133635e+01         4.000000e+04         1.415075e+04        1.047999e+01                                           3.412936e+04    1.847413e+02                       4056.17             0.0507761                 0.0922395                0.0177384                2.387000e+03 
6.723358e-04    9.236709e-04    nan            1.000000e+02         1.000000e+03         nan                 1.133635e+01         4.000000e+04         nan                 nan                                                    0.000000e+00    nan                                nan                 nan                       nan                      nan                      nan 
6.723358e-04    9.236709e-04    nan            1.000000e+03         1.000000e+04         nan                 1.133635e+01         4.000000e+04         nan                 nan                                                    0.000000e+00    nan                                nan                 nan                       nan                      nan                      nan 
6.723358e-04    9.236709e-04    nan            1.000000e+04         1.000000e+05         nan                 1.133635e+01         4.000000e+04         nan                 nan                                                    0.000000e+00    nan                                nan                 nan                       nan                      nan                      nan 
9.236709e-04    1.268961e-03    1.104461e-03   4.000000e+00         1.000000e+01         6.544543e+00        1.133635e+01         4.000000e+04         6.436835e+03        5.401258e+00                                           8.990696e+04    2.998449e+02                       6781.51             0.0651526                 0.152345                 0.118838                 9.151000e+03 
9.236709e-04    1.268961e-03    1.110083e-03   1.000000e+01         1.000000e+02         1.743702e+01        1.133635e+01         4.000000e+04         1.245044e+04        7.453631e+00                                           8.057075e+04    2.838499e+02                       13834.6             0.0188272                 0.151852                 0.0329218                3.477000e+03 
9.236709e-04    1.268961e-03    nan            1.000000e+02         1.000000e+03         nan                 1.133635e+01         4.000000e+04         nan                 nan                                                    0.000000e+00    nan                                nan                 nan                       nan                      nan                      nan 
9.236709e-04    1.268961e-03    nan            1.000000e+03         1.000000e+04         nan                 1.133635e+01         4.000000e+04         nan                 nan                                                    0.000000e+00    nan                                nan                 nan                       nan                      nan                      nan 
9.236709e-04    1.268961e-03    nan            1.000000e+04         1.000000e+05         nan                 1.133635e+01         4.000000e+04         nan                 nan                                                    0.000000e+00    nan                                nan                 nan                       nan                      nan                      nan 
1.268961e-03    1.743329e-03    1.509236e-03   4.000000e+00         1.000000e+01         6.586079e+00        1.133635e+01         4.000000e+04         5.447326e+03        3.754796e+00                                           1.362404e+05    3.691075e+02                       11059.5             0.0677749                 0.152992                 0.0950895                9.329000e+03 
1.268961e-03    1.743329e-03    1.517839e-03   1.000000e+01         1.000000e+02         2.039369e+01        1.133635e+01         4.000000e+04         1.095654e+04        5.180154e+00                                           1.546163e+05    3.932128e+02                       24814.7             0.0139056                 0.178665                 0.0105924                5.020000e+03 
1.268961e-03    1.743329e-03    nan            1.000000e+02         1.000000e+03         nan                 1.133635e+01         4.000000e+04         nan                 nan                                                    0.000000e+00    nan                                nan                 nan                       nan                      nan                      nan 
1.268961e-03    1.743329e-03    nan            1.000000e+03         1.000000e+04         nan                 1.133635e+01         4.000000e+04         nan                 nan                                                    0.000000e+00    nan                                nan                 nan                       nan                      nan                      nan 
1.268961e-03    1.743329e-03    nan            1.000000e+04         1.000000e+05         nan                 1.133635e+01         4.000000e+04         nan                 nan                                                    0.000000e+00    nan                                nan                 nan                       nan                      nan                      nan 
1.743329e-03    2.395027e-03    2.063311e-03   4.000000e+00         1.000000e+01         6.699037e+00        1.133635e+01         4.000000e+04         4.414622e+03        2.650976e+00                                           1.837987e+05    4.287175e+02                       19183.0             0.0489946                 0.158855                 0.0625677                9.511000e+03 
1.743329e-03    2.395027e-03    2.083914e-03   1.000000e+01         1.000000e+02         2.354782e+01        1.133635e+01         4.000000e+04         9.670204e+03        3.689199e+00                                           2.621173e+05    5.119739e+02                       28173.2             0.0143516                 0.138544                 0.0261148                6.391000e+03 
1.743329e-03    2.395027e-03    2.230175e-03   1.000000e+02         1.000000e+03         1.118228e+02        1.133635e+01         4.000000e+04         2.896060e+04        4.022811e+00                                           1.792606e+02    1.338882e+01                       329.839             0.22                      0.28                     1.62                     1.310000e+02 
1.743329e-03    2.395027e-03    nan            1.000000e+03         1.000000e+04         nan                 1.133635e+01         4.000000e+04         nan                 nan                                                    0.000000e+00    nan                                nan                 nan                       nan                      nan                      nan 
1.743329e-03    2.395027e-03    nan            1.000000e+04         1.000000e+05         nan                 1.133635e+01         4.000000e+04         nan                 nan                                                    0.000000e+00    nan                                nan                 nan                       nan                      nan                      nan 
2.395027e-03    3.290345e-03    2.825629e-03   4.000000e+00         1.000000e+01         6.799368e+00        1.133635e+01         4.000000e+04         3.946465e+03        1.912807e+00                                           2.280332e+05    4.775283e+02                       36693.7             0.039821                  0.189517                 0.0496644                9.639000e+03 
2.395027e-03    3.290345e-03    2.854958e-03   1.000000e+01         1.000000e+02         2.715498e+01        1.133635e+01         4.000000e+04         8.532739e+03        2.668755e+00                                           5.156371e+05    7.180788e+02                       50180.9             0.0106824                 0.132822                 0.0265346                7.354000e+03 
2.395027e-03    3.290345e-03    2.993423e-03   1.000000e+02         1.000000e+03         1.142842e+02        1.133635e+01         4.000000e+04         2.340587e+04        2.837255e+00                                           2.931734e+03    5.414549e+01                       5749.46             0.158333                  0.316667                 1.22778                  3.160000e+02 
2.395027e-03    3.290345e-03    nan            1.000000e+03         1.000000e+04         nan                 1.133635e+01         4.000000e+04         nan                 nan                                                    0.000000e+00    nan                                nan                 nan                       nan                      nan                      nan 
2.395027e-03    3.290345e-03    nan            1.000000e+04         1.000000e+05         nan                 1.133635e+01         4.000000e+04         nan                 nan                                                    0.000000e+00    nan                                nan                 nan                       nan                      nan                      nan 
3.290345e-03    4.520354e-03    3.903459e-03   4.000000e+00         1.000000e+01         6.868048e+00        1.133635e+01         4.000000e+04         3.303621e+03        1.303956e+00                                           2.932375e+05    5.415140e+02                       28369.8             0.040625                  0.123591                 0.0596311                9.737000e+03 
3.290345e-03    4.520354e-03    3.913714e-03   1.000000e+01         1.000000e+02         3.032869e+01        1.133635e+01         4.000000e+04         7.472297e+03        1.880986e+00                                           7.679888e+05    8.763497e+02                       46624.4             0.00886226                0.0963966                0.0360618                8.102000e+03 
3.290345e-03    4.520354e-03    4.015309e-03   1.000000e+02         1.000000e+03         1.245095e+02        1.133635e+01         4.000000e+04         1.994087e+04        2.017108e+00                                           2.011579e+04    1.418301e+02                       4108.15             0.0439437                 0.0864789                0.201408                 6.890000e+02 
3.290345e-03    4.520354e-03    nan            1.000000e+03         1.000000e+04         nan                 1.133635e+01         4.000000e+04         nan                 nan                                                    0.000000e+00    nan                                nan                 nan                       nan                      nan                      nan 
3.290345e-03    4.520354e-03    nan            1.000000e+04         1.000000e+05         nan                 1.133635e+01         4.000000e+04         nan                 nan                                                    0.000000e+00    nan                                nan                 nan                       nan                      nan                      nan 
4.520354e-03    6.210169e-03    5.344293e-03   4.000000e+00         1.000000e+01         6.934249e+00        1.133635e+01         4.000000e+04         3.032132e+03        8.897202e-01                                           3.146009e+05    5.608929e+02                       27486.4             0.0434395                 0.104411                 0.0417465                9.808000e+03 
4.520354e-03    6.210169e-03    5.380256e-03   1.000000e+01         1.000000e+02         3.337070e+01        1.133635e+01         4.000000e+04         6.497867e+03        1.288134e+00                                           1.111234e+06    1.054151e+03                       50202.9             0.00355821                0.0856068                0.0371423                8.610000e+03 
4.520354e-03    6.210169e-03    5.487826e-03   1.000000e+02         1.000000e+03         1.329911e+02        1.133635e+01         4.000000e+04         1.674944e+04        1.359327e+00                                           8.528210e+04    2.920310e+02                       17509.1             0.0254028                 0.0781043                0.138104                 1.241000e+03 
4.520354e-03    6.210169e-03    nan            1.000000e+03         1.000000e+04         nan                 1.133635e+01         4.000000e+04         nan                 nan                                                    0.000000e+00    nan                                nan                 nan                       nan                      nan                      nan 
4.520354e-03    6.210169e-03    nan            1.000000e+04         1.000000e+05         nan                 1.133635e+01         4.000000e+04         nan                 nan                                                    0.000000e+00    nan                                nan                 nan                       nan                      nan                      nan 
6.210169e-03    8.531679e-03    7.332854e-03   4.000000e+00         1.000000e+01         6.934666e+00        1.133635e+01         4.000000e+04         2.510167e+03        5.768374e-01                                           3.409698e+05    5.839262e+02                       30213.9             0.0291946                 0.0987206                0.0171351                9.861000e+03 
6.210169e-03    8.531679e-03    7.369888e-03   1.000000e+01         1.000000e+02         3.623612e+01        1.133635e+01         4.000000e+04         5.639546e+03        8.611134e-01                                           1.540003e+06    1.240968e+03                       56998.6             0.00355945                0.0786254                0.0293565                8.962000e+03 
6.210169e-03    8.531679e-03    7.468666e-03   1.000000e+02         1.000000e+03         1.481382e+02        1.133635e+01         4.000000e+04         1.448737e+04        8.937180e-01                                           2.113623e+05    4.597415e+02                       10075.4             0.0107864                 0.0103688                0.0258873                2.032000e+03 
6.210169e-03    8.531679e-03    nan            1.000000e+03         1.000000e+04         nan                 1.133635e+01         4.000000e+04         nan                 nan                                                    0.000000e+00    nan                                nan                 nan                       nan                      nan                      nan 
6.210169e-03    8.531679e-03    nan            1.000000e+04         1.000000e+05         nan                 1.133635e+01         4.000000e+04         nan                 nan                                                    0.000000e+00    nan                                nan                 nan                       nan                      nan                      nan 
8.531679e-03    1.172102e-02    1.005024e-02   4.000000e+00         1.000000e+01         6.974917e+00        1.133635e+01         4.000000e+04         2.385091e+03        3.711729e-01                                           3.561342e+05    5.967698e+02                       25454.6             0.0242828                 0.074303                 0.00577778               9.889000e+03 
8.531679e-03    1.172102e-02    1.009862e-02   1.000000e+01         1.000000e+02         3.934763e+01        1.133635e+01         4.000000e+04         4.874745e+03        5.592336e-01                                           2.104955e+06    1.450846e+03                       9265.18             0.00551717                0.0413973                0.0357656                9.287000e+03 
8.531679e-03    1.172102e-02    1.022728e-02   1.000000e+02         1.000000e+03         1.659643e+02        1.133635e+01         4.000000e+04         1.257625e+04        5.697322e-01                                           4.031682e+05    6.349552e+02                       18784.4             0.00645982                0.0234317                0.0252289                3.171000e+03 
8.531679e-03    1.172102e-02    nan            1.000000e+03         1.000000e+04         nan                 1.133635e+01         4.000000e+04         nan                 nan                                                    0.000000e+00    nan                                nan                 nan                       nan                      nan                      nan 
8.531679e-03    1.172102e-02    nan            1.000000e+04         1.000000e+05         nan                 1.133635e+01         4.000000e+04         nan                 nan                                                    0.000000e+00    nan                                nan                 nan                       nan                      nan                      nan 
1.172102e-02    1.610262e-02    1.376897e-02   4.000000e+00         1.000000e+01         7.046974e+00        1.133635e+01         4.000000e+04         2.101858e+03        2.483839e-01                                           3.779353e+05    6.147644e+02                       8385.23             0.0276245                 0.00710458               0.0112324                9.896000e+03 
1.172102e-02    1.610262e-02    1.381645e-02   1.000000e+01         1.000000e+02         4.214606e+01        1.133635e+01         4.000000e+04         4.251274e+03        3.826004e-01                                           2.621158e+06    1.618999e+03                       12887.8             0.00254647                0.0282544                0.0290706                9.480000e+03 
1.172102e-02    1.610262e-02    1.400851e-02   1.000000e+02         1.000000e+03         1.861117e+02        1.133635e+01         4.000000e+04         1.092070e+04        3.688817e-01                                           8.814271e+05    9.388435e+02                       12599.7             0.00284816                0.0121833                0.00352201               4.743000e+03 
1.172102e-02    1.610262e-02    nan            1.000000e+03         1.000000e+04         nan                 1.133635e+01         4.000000e+04         nan                 nan                                                    0.000000e+00    nan                                nan                 nan                       nan                      nan                      nan 
1.172102e-02    1.610262e-02    nan            1.000000e+04         1.000000e+05         nan                 1.133635e+01         4.000000e+04         nan                 nan                                                    0.000000e+00    nan                                nan                 nan                       nan                      nan                      nan 
1.610262e-02    2.212216e-02    1.889341e-02   4.000000e+00         1.000000e+01         7.012483e+00        1.133635e+01         4.000000e+04         1.978097e+03        1.594842e-01                                           3.608899e+05    6.007412e+02                       7743.73             0.0253336                 0.0187672                0.0155687                9.919000e+03 
1.610262e-02    2.212216e-02    1.897176e-02   1.000000e+01         1.000000e+02         4.448182e+01        1.133635e+01         4.000000e+04         3.705787e+03        2.511720e-01                                           2.931305e+06    1.712105e+03                       83319.3             0.00197921                0.00241849               0.0291488                9.609000e+03 
1.610262e-02    2.212216e-02    1.916805e-02   1.000000e+02         1.000000e+03         2.089974e+02        1.133635e+01         4.000000e+04         9.455395e+03        2.352522e-01                                           1.458314e+06    1.207607e+03                       55614.6             0.00396576                0.0206127                0.0202929                6.138000e+03 
1.610262e-02    2.212216e-02    2.053792e-02   1.000000e+03         1.000000e+04         1.213774e+03        1.133635e+01         4.000000e+04         3.327014e+04        1.530773e-01                                           1.743670e+02    1.320481e+01                       3905.82             0.7                       1.8                      22.6                     6.900000e+01 
1.610262e-02    2.212216e-02    nan            1.000000e+04         1.000000e+05         nan                 1.133635e+01         4.000000e+04         nan                 nan                                                    0.000000e+00    nan                                nan                 nan                       nan                      nan                      nan 
2.212216e-02    3.039195e-02    2.573789e-02   4.000000e+00         1.000000e+01         7.429300e+00        1.133635e+01         4.000000e+04         1.805811e+03        1.009124e-01                                           2.771028e+05    5.264056e+02                       30021.9             0.0171503                 0.0586269                0.0895337                8.413000e+03 
2.212216e-02    3.039195e-02    2.606009e-02   1.000000e+01         1.000000e+02         4.626285e+01        1.133635e+01         4.000000e+04         3.254271e+03        1.571568e-01                                           3.085764e+06    1.756634e+03                       1.84522e+05         0.00388856                0.0398938                0.0298596                9.688000e+03 
2.212216e-02    3.039195e-02    2.632363e-02   1.000000e+02         1.000000e+03         2.387417e+02        1.133635e+01         4.000000e+04         8.281260e+03        1.421142e-01                                           2.048499e+06    1.431258e+03                       1.69726e+05         0.00247531                0.0505036                0.0390586                7.121000e+03 
2.212216e-02    3.039195e-02    2.752788e-02   1.000000e+03         1.000000e+04         1.117618e+03        1.133635e+01         4.000000e+04         2.508190e+04        1.009947e-01                                           6.275363e+03    7.921719e+01                       8043.18             0.0426829                 0.0719512                1.40366                  2.700000e+02 
2.212216e-02    3.039195e-02    nan            1.000000e+04         1.000000e+05         nan                 1.133635e+01         4.000000e+04         nan                 nan                                                    0.000000e+00    nan                                nan                 nan                       nan                      nan                      nan 
3.039195e-02    4.175319e-02    3.507646e-02   4.000000e+00         1.000000e+01         8.298103e+00        1.133635e+01         4.000000e+04         1.721290e+03        6.210509e-02                                           1.404264e+05    3.747351e+02                       24818.2             0.0102948                 0.0519728                0.139955                 5.383000e+03 
3.039195e-02    4.175319e-02    3.580525e-02   1.000000e+01         1.000000e+02         4.794230e+01        1.133635e+01         4.000000e+04         2.852561e+03        9.261580e-02                                           3.141221e+06    1.772349e+03                       1.94417e+05         0.00119967                0.0530037                0.0101268                9.792000e+03 
3.039195e-02    4.175319e-02    3.611190e-02   1.000000e+02         1.000000e+03         2.668875e+02        1.133635e+01         4.000000e+04         7.179954e+03        8.232665e-02                                           2.876317e+06    1.695971e+03                       2.48595e+05         0.00166971                0.0455251                0.0386662                7.975000e+03 
3.039195e-02    4.175319e-02    3.712852e-02   1.000000e+03         1.000000e+04         1.198813e+03        1.133635e+01         4.000000e+04         2.079728e+04        5.899719e-02                                           3.692699e+04    1.921640e+02                       13792.5             0.00932836                0.0608209                0.467537                 5.410000e+02 
3.039195e-02    4.175319e-02    nan            1.000000e+04         1.000000e+05         nan                 1.133635e+01         4.000000e+04         nan                 nan                                                    0.000000e+00    nan                                nan                 nan                       nan                      nan                      nan 
4.175319e-02    5.736153e-02    4.536333e-02   4.000000e+00         1.000000e+01         9.270181e+00        1.133635e+01         4.000000e+04         1.809756e+03        4.012373e-02                                           2.880399e+04    1.697174e+02                       9617.51             0.0155431                 0.105431                 0.298689                 1.298000e+03 
4.175319e-02    5.736153e-02    4.906314e-02   1.000000e+01         1.000000e+02         4.954649e+01        1.133635e+01         4.000000e+04         2.560276e+03        5.173430e-02                                           2.865129e+06    1.692669e+03                       2.41287e+05         0.00174608                0.0790156                0.00588548               9.814000e+03 
4.175319e-02    5.736153e-02    4.945452e-02   1.000000e+02         1.000000e+03         2.947928e+02        1.133635e+01         4.000000e+04         6.255935e+03        4.534331e-02                                           3.830487e+06    1.957163e+03                       4.07007e+05         0.00101559                0.0661204                0.0408567                8.465000e+03 
4.175319e-02    5.736153e-02    5.058707e-02   1.000000e+03         1.000000e+04         1.289611e+03        1.133635e+01         4.000000e+04         1.734953e+04        3.190519e-02                                           1.220825e+05    3.494030e+02                       14802.8             0.00717978                0.0369328                0.190638                 1.070000e+03 
4.175319e-02    5.736153e-02    nan            1.000000e+04         1.000000e+05         nan                 1.133635e+01         4.000000e+04         nan                 nan                                                    0.000000e+00    nan                                nan                 nan                       nan                      nan                      nan 
5.736153e-02    7.880463e-02    nan            4.000000e+00         1.000000e+01         nan                 1.133635e+01         4.000000e+04         nan                 nan                                                    0.000000e+00    nan                                nan                 nan                       nan                      nan                      nan 
5.736153e-02    7.880463e-02    6.698472e-02   1.000000e+01         1.000000e+02         5.198231e+01        1.133635e+01         4.000000e+04         2.307081e+03        2.798381e-02                                           2.656406e+06    1.629848e+03                       2.5241e+05          0.00197042                0.0922332                0.00277179               9.586000e+03 
5.736153e-02    7.880463e-02    6.757926e-02   1.000000e+02         1.000000e+03         3.212719e+02        1.133635e+01         4.000000e+04         5.431997e+03        2.381171e-02                                           3.954081e+06    1.988487e+03                       4.25682e+05         0.00229207                0.0692928                0.032767                 8.878000e+03 
5.736153e-02    7.880463e-02    6.855342e-02   1.000000e+03         1.000000e+04         1.391029e+03        1.133635e+01         4.000000e+04         1.467443e+04        1.614174e-02                                           2.823973e+05    5.314107e+02                       10098.1             0.00493218                0.0866831                0.0419236                1.862000e+03 
5.736153e-02    7.880463e-02    nan            1.000000e+04         1.000000e+05         nan                 1.133635e+01         4.000000e+04         nan                 nan                                                    0.000000e+00    nan                                nan                 nan                       nan                      nan                      nan 
7.880463e-02    1.082637e-01    nan            4.000000e+00         1.000000e+01         nan                 1.133635e+01         4.000000e+04         nan                 nan                                                    0.000000e+00    nan                                nan                 nan                       nan                      nan                      nan 
7.880463e-02    1.082637e-01    9.170076e-02   1.000000e+01         1.000000e+02         5.577254e+01        1.133635e+01         4.000000e+04         2.131534e+03        1.567382e-02                                           1.893281e+06    1.375965e+03                       2.0423e+05          0.00161565                0.119006                 0.00561032               9.019000e+03 
7.880463e-02    1.082637e-01    9.243399e-02   1.000000e+02         1.000000e+03         3.489553e+02        1.133635e+01         4.000000e+04         4.727646e+03        1.330818e-02                                           4.345419e+06    2.084567e+03                       5.35063e+05         0.00088002                0.089924                 0.0347967                9.169000e+03 
7.880463e-02    1.082637e-01    9.353167e-02   1.000000e+03         1.000000e+04         1.543655e+03        1.133635e+01         4.000000e+04         1.274357e+04        8.675684e-03                                           4.983977e+05    7.059728e+02                       20755.9             0.00319421                0.0533826                0.0182462                2.851000e+03 
7.880463e-02    1.082637e-01    nan            1.000000e+04         1.000000e+05         nan                 1.133635e+01         4.000000e+04         nan                 nan                                                    0.000000e+00    nan                                nan                 nan                       nan                      nan                      nan 
1.082637e-01    1.487352e-01    nan            4.000000e+00         1.000000e+01         nan                 1.133635e+01         4.000000e+04         nan                 nan                                                    0.000000e+00    nan                                nan                 nan                       nan                      nan                      nan 
1.082637e-01    1.487352e-01    1.257549e-01   1.000000e+01         1.000000e+02         5.967734e+01        1.133635e+01         4.000000e+04         2.006464e+03        8.004674e-03                                           1.393649e+06    1.180529e+03                       1.88776e+05         0.00451916                0.158786                 0.00676049               8.426000e+03 
1.082637e-01    1.487352e-01    1.267897e-01   1.000000e+02         1.000000e+03         3.728317e+02        1.133635e+01         4.000000e+04         4.091652e+03        6.720001e-03                                           4.012984e+06    2.003243e+03                       5.59109e+05         0.00119596                0.11649                  0.0381485                9.392000e+03 
1.082637e-01    1.487352e-01    1.280003e-01   1.000000e+03         1.000000e+04         1.686058e+03        1.133635e+01         4.000000e+04         1.075412e+04        4.207289e-03                                           6.669534e+05    8.166721e+02                       61062.4             0.00322681                0.08315                  0.0203569                4.318000e+03 
1.082637e-01    1.487352e-01    nan            1.000000e+04         1.000000e+05         nan                 1.133635e+01         4.000000e+04         nan                 nan                                                    0.000000e+00    nan                                nan                 nan                       nan                      nan                      nan 
1.487352e-01    2.043360e-01    nan            4.000000e+00         1.000000e+01         nan                 1.133635e+01         4.000000e+04         nan                 nan                                                    0.000000e+00    nan                                nan                 nan                       nan                      nan                      nan 
1.487352e-01    2.043360e-01    1.727433e-01   1.000000e+01         1.000000e+02         6.476681e+01        1.133635e+01         4.000000e+04         1.895394e+03        3.652380e-03                                           7.817744e+05    8.841801e+02                       92851.8             0.00222819                0.156225                 0.026617                 7.389000e+03 
1.487352e-01    2.043360e-01    1.741521e-01   1.000000e+02         1.000000e+03         3.942685e+02        1.133635e+01         4.000000e+04         3.593272e+03        3.001113e-03                                           3.329482e+06    1.824687e+03                       3.9804e+05          0.00195634                0.107291                 0.027446                 9.555000e+03 
1.487352e-01    2.043360e-01    1.756360e-01   1.000000e+03         1.000000e+04         1.862957e+03        1.133635e+01         4.000000e+04         9.216634e+03        1.750335e-03                                           7.849022e+05    8.859471e+02                       76036.3             0.00196847                0.062127                 0.0403492                5.783000e+03 
1.487352e-01    2.043360e-01    1.989580e-01   1.000000e+04         1.000000e+05         1.026509e+04        1.133635e+01         4.000000e+04         2.995005e+04        3.103899e-04                                           1.518481e+01    3.896769e+00                       39.4805             0.0                       0.8                      2.0                      3.900000e+01 
2.043360e-01    2.807216e-01    nan            4.000000e+00         1.000000e+01         nan                 1.133635e+01         4.000000e+04         nan                 nan                                                    0.000000e+00    nan                                nan                 nan                       nan                      nan                      nan 
2.043360e-01    2.807216e-01    2.358235e-01   1.000000e+01         1.000000e+02         7.088233e+01        1.133635e+01         4.000000e+04         1.816695e+03        1.423942e-03                                           3.749131e+05    6.123015e+02                       10972.4             0.00475488                0.101972                 0.0953373                6.019000e+03 
2.043360e-01    2.807216e-01    2.386449e-01   1.000000e+02         1.000000e+03         4.126275e+02        1.133635e+01         4.000000e+04         3.236223e+03        1.119484e-03                                           2.258318e+06    1.502770e+03                       36690.7             0.00329357                0.0345094                0.034319                 9.630000e+03 
2.043360e-01    2.807216e-01    2.403415e-01   1.000000e+03         1.000000e+04         1.999796e+03        1.133635e+01         4.000000e+04         7.925812e+03        6.035002e-04                                           7.897574e+05    8.886830e+02                       23138.3             0.00151695                0.0184513                0.0605988                6.930000e+03 
2.043360e-01    2.807216e-01    2.523231e-01   1.000000e+04         1.000000e+05         1.134475e+04        1.133635e+01         4.000000e+04         2.705350e+04        1.341587e-04                                           3.661335e+02    1.913462e+01                       643.349             0.0142857                 0.214286                 1.37143                  2.230000e+02 
2.807216e-01    3.856620e-01    nan            4.000000e+00         1.000000e+01         nan                 1.133635e+01         4.000000e+04         nan                 nan                                                    0.000000e+00    nan                                nan                 nan                       nan                      nan                      nan 
2.807216e-01    3.856620e-01    3.186978e-01   1.000000e+01         1.000000e+02         7.902373e+01        1.133635e+01         4.000000e+04         1.772453e+03        4.289457e-04                                           1.347635e+05    3.671015e+02                       19869.0             0.00713489                0.0246934                0.211148                 4.061000e+03 
2.807216e-01    3.856620e-01    3.239711e-01   1.000000e+02         1.000000e+03         4.173612e+02        1.133635e+01         4.000000e+04         2.998605e+03        3.225580e-04                                           1.053740e+06    1.026519e+03                       2.49399e+05         0.00203214                0.145045                 0.149075                 9.757000e+03 
2.807216e-01    3.856620e-01    3.259150e-01   1.000000e+03         1.000000e+04         2.174711e+03        1.133635e+01         4.000000e+04         6.876605e+03        1.480177e-04                                           4.238007e+05    6.509998e+02                       84064.8             0.00693391                0.253784                 0.0250116                7.716000e+03 
2.807216e-01    3.856620e-01    3.508480e-01   1.000000e+04         1.000000e+05         1.128607e+04        1.133635e+01         4.000000e+04         2.052484e+04        3.024115e-05                                           1.283187e+03    3.582160e+01                       1452.03             0.0526316                 0.389474                 0.426316                 4.870000e+02 
3.856620e-01    5.298317e-01    nan            4.000000e+00         1.000000e+01         nan                 1.133635e+01         4.000000e+04         nan                 nan                                                    0.000000e+00    nan                                nan                 nan                       nan                      nan                      nan 
3.856620e-01    5.298317e-01    4.179786e-01   1.000000e+01         1.000000e+02         8.957868e+01        1.133635e+01         4.000000e+04         1.810460e+03        1.867395e-04                                           2.124183e+04    1.457458e+02                       7945.0              0.0123377                 0.215909                 0.291558                 1.613000e+03 
3.856620e-01    5.298317e-01    4.330511e-01   1.000000e+02         1.000000e+03         4.243385e+02        1.133635e+01         4.000000e+04         2.877278e+03        1.163757e-04                                           4.322708e+05    6.574731e+02                       3.66323e+05         0.00849195                0.563873                 0.384553                 9.784000e+03 
3.856620e-01    5.298317e-01    4.319982e-01   1.000000e+03         1.000000e+04         2.290093e+03        1.133635e+01         4.000000e+04         6.382700e+03        5.126510e-05                                           2.197172e+05    4.687400e+02                       1.51269e+05         0.0034626                 0.750381                 0.0119114                8.292000e+03 
3.856620e-01    5.298317e-01    4.407349e-01   1.000000e+04         1.000000e+05         1.267802e+04        1.133635e+01         4.000000e+04         1.846599e+04        8.265014e-06                                           1.311094e+03    3.620903e+01                       2762.04             0.0933333                 1.84667                  0.206667                 9.150000e+02 
5.298317e-01    7.278954e-01    nan            4.000000e+00         1.000000e+01         nan                 1.133635e+01         4.000000e+04         nan                 nan                                                    0.000000e+00    nan                                nan                 nan                       nan                      nan                      nan 
5.298317e-01    7.278954e-01    nan            1.000000e+01         1.000000e+02         nan                 1.133635e+01         4.000000e+04         nan                 nan                                                    0.000000e+00    nan                                nan                 nan                       nan                      nan                      nan 
5.298317e-01    7.278954e-01    6.072866e-01   1.000000e+02         1.000000e+03         4.376139e+02        1.133635e+01         4.000000e+04         2.640012e+03        1.788422e-05                                           1.106809e+05    3.326874e+02                       2.21795e+05         0.00745022                1.24855                  0.736866                 9.583000e+03 
5.298317e-01    7.278954e-01    6.134231e-01   1.000000e+03         1.000000e+04         2.429468e+03        1.133635e+01         4.000000e+04         5.713297e+03        6.892497e-06                                           7.443184e+04    2.728220e+02                       1.23945e+05         0.004772                  1.52916                  0.0930011                8.668000e+03 
5.298317e-01    7.278954e-01    6.322047e-01   1.000000e+04         1.000000e+05         1.380907e+04        1.133635e+01         4.000000e+04         1.666497e+04        1.113838e-06                                           1.096775e+03    3.311759e+01                       1438.71             0.0176471                 1.2                      0.105882                 1.533000e+03 
7.278954e-01    1.000000e+00    nan            4.000000e+00         1.000000e+01         nan                 1.133635e+01         4.000000e+04         nan                 nan                                                    0.000000e+00    nan                                nan                 nan                       nan                      nan                      nan 
7.278954e-01    1.000000e+00    nan            1.000000e+01         1.000000e+02         nan                 1.133635e+01         4.000000e+04         nan                 nan                                                    0.000000e+00    nan                                nan                 nan                       nan                      nan                      nan 
7.278954e-01    1.000000e+00    7.507919e-01   1.000000e+02         1.000000e+03         4.374144e+02        1.133635e+01         4.000000e+04         2.366860e+03        2.973214e-06                                           4.903757e+03    7.002683e+01                       1.09683e+05         0.0789474                 12.9066                  8.91711                  8.926000e+03 
7.278954e-01    1.000000e+00    7.560736e-01   1.000000e+03         1.000000e+04         2.761420e+03        1.133635e+01         4.000000e+04         4.942677e+03        8.212039e-07                                           4.220280e+03    6.496368e+01                       60558.0             0.0338028                 11.9592                  2.54225                  8.950000e+03 
7.278954e-01    1.000000e+00    7.469375e-01   1.000000e+04         1.000000e+05         2.497053e+04        1.133635e+01         4.000000e+04         2.151724e+04        8.985006e-08                                           1.349223e+02    1.161560e+01                       2401.62             0.0                       22.7                     1.0                      2.483000e+03 
