Experiment = FASERv2FCC_deep | seed 2 | Neutrino = 14 | Exp. Target density (nucleons / cm3) = 10^(25.1) | Exp. Target Length = 6600.0 cm | Total Events = 129220841.1 |        del_theta = 0.06 mrad, theta_max = 50.0 mrad |        del_Elepton = 30.0 % , Elepton_min = 100.00 GeV, Elepton_max = 100000.00 GeV|        del_Ehadron = 30.0 %, Ehadron_min = 100.00 GeV GeV, Ehadron_max = 100000.00 GeV
x_lower         x_upper         x_avg          Q2_lower[GeV^2]      Q2_upper[GeV^2]      Q2_avg[GeV^2]       E_nu_lower[GeV]      E_nu_upper[GeV]      E_nu_avg[GeV]       d^sigma/dxdQ2(x_avg,Q2_avg,Enu_avg) pb / GeV^2         N_events        N_events_errs = Sqrt[N_events]     N_sys_errs          Fractional_error_theta    Fractional_error_Elepton Fractional_error_Ehadron MC_Samples 
1.000000e-04    1.373824e-04    1.293257e-04   4.000000e+00         1.000000e+01         6.805179e+00        1.133635e+01         4.000000e+04         3.153415e+04        5.810983e+01                                           3.590853e+02    1.894955e+01                       143.634             0.466667                  0.533333                 0.4                      2.219000e+03 
1.000000e-04    1.373824e-04    nan            1.000000e+01         1.000000e+02         nan                 1.133635e+01         4.000000e+04         nan                 nan                                                    0.000000e+00    nan                                nan                 nan                       nan                      nan                      nan 
1.000000e-04    1.373824e-04    nan            1.000000e+02         1.000000e+03         nan                 1.133635e+01         4.000000e+04         nan                 nan                                                    0.000000e+00    nan                                nan                 nan                       nan                      nan                      nan 
1.000000e-04    1.373824e-04    nan            1.000000e+03         1.000000e+04         nan                 1.133635e+01         4.000000e+04         nan                 nan                                                    0.000000e+00    nan                                nan                 nan                       nan                      nan                      nan 
1.000000e-04    1.373824e-04    nan            1.000000e+04         1.000000e+05         nan                 1.133635e+01         4.000000e+04         nan                 nan                                                    0.000000e+00    nan                                nan                 nan                       nan                      nan                      nan 
1.373824e-04    1.887392e-04    1.679895e-04   4.000000e+00         1.000000e+01         5.488319e+00        1.133635e+01         4.000000e+04         2.071357e+04        3.913915e+01                                           1.579965e+03    3.974877e+01                       1918.53             0.328571                  0.714286                 0.2                      4.194000e+03 
1.373824e-04    1.887392e-04    nan            1.000000e+01         1.000000e+02         nan                 1.133635e+01         4.000000e+04         nan                 nan                                                    0.000000e+00    nan                                nan                 nan                       nan                      nan                      nan 
1.373824e-04    1.887392e-04    nan            1.000000e+02         1.000000e+03         nan                 1.133635e+01         4.000000e+04         nan                 nan                                                    0.000000e+00    nan                                nan                 nan                       nan                      nan                      nan 
1.373824e-04    1.887392e-04    nan            1.000000e+03         1.000000e+04         nan                 1.133635e+01         4.000000e+04         nan                 nan                                                    0.000000e+00    nan                                nan                 nan                       nan                      nan                      nan 
1.373824e-04    1.887392e-04    nan            1.000000e+04         1.000000e+05         nan                 1.133635e+01         4.000000e+04         nan                 nan                                                    0.000000e+00    nan                                nan                 nan                       nan                      nan                      nan 
1.887392e-04    2.592944e-04    2.298988e-04   4.000000e+00         1.000000e+01         5.392243e+00        1.133635e+01         4.000000e+04         1.688781e+04        2.780199e+01                                           5.503129e+03    7.418308e+01                       687.891             0.184091                  0.109091                 0.159091                 5.717000e+03 
1.887392e-04    2.592944e-04    1.969867e-04   1.000000e+01         1.000000e+02         1.230085e+01        1.133635e+01         4.000000e+04         3.623738e+04        4.836659e+01                                           1.733330e+02    1.316560e+01                       363.999             0.7                       1.2                      1.0                      1.490000e+02 
1.887392e-04    2.592944e-04    nan            1.000000e+02         1.000000e+03         nan                 1.133635e+01         4.000000e+04         nan                 nan                                                    0.000000e+00    nan                                nan                 nan                       nan                      nan                      nan 
1.887392e-04    2.592944e-04    nan            1.000000e+03         1.000000e+04         nan                 1.133635e+01         4.000000e+04         nan                 nan                                                    0.000000e+00    nan                                nan                 nan                       nan                      nan                      nan 
1.887392e-04    2.592944e-04    nan            1.000000e+04         1.000000e+05         nan                 1.133635e+01         4.000000e+04         nan                 nan                                                    0.000000e+00    nan                                nan                 nan                       nan                      nan                      nan 
2.592944e-04    3.562248e-04    3.085525e-04   4.000000e+00         1.000000e+01         5.877529e+00        1.133635e+01         4.000000e+04         1.421654e+04        2.043749e+01                                           1.488348e+04    1.219979e+02                       1778.11             0.0920354                 0.159292                 0.152212                 6.863000e+03 
2.592944e-04    3.562248e-04    3.276443e-04   1.000000e+01         1.000000e+02         1.213180e+01        1.133635e+01         4.000000e+04         2.464447e+04        2.701825e+01                                           1.288998e+03    3.590262e+01                       2363.16             0.7                       1.03333                  0.866667                 3.790000e+02 
2.592944e-04    3.562248e-04    nan            1.000000e+02         1.000000e+03         nan                 1.133635e+01         4.000000e+04         nan                 nan                                                    0.000000e+00    nan                                nan                 nan                       nan                      nan                      nan 
2.592944e-04    3.562248e-04    nan            1.000000e+03         1.000000e+04         nan                 1.133635e+01         4.000000e+04         nan                 nan                                                    0.000000e+00    nan                                nan                 nan                       nan                      nan                      nan 
2.592944e-04    3.562248e-04    nan            1.000000e+04         1.000000e+05         nan                 1.133635e+01         4.000000e+04         nan                 nan                                                    0.000000e+00    nan                                nan                 nan                       nan                      nan                      nan 
3.562248e-04    4.893901e-04    4.255550e-04   4.000000e+00         1.000000e+01         6.164571e+00        1.133635e+01         4.000000e+04         1.198204e+04        1.520560e+01                                           3.116532e+04    1.765370e+02                       1391.97             0.0920949                 0.141502                 0.189723                 7.689000e+03 
3.562248e-04    4.893901e-04    4.243036e-04   1.000000e+01         1.000000e+02         1.315673e+01        1.133635e+01         4.000000e+04         2.036123e+04        2.101617e+01                                           6.438773e+03    8.024197e+01                       2095.53             0.0854545                 0.136364                 0.158182                 8.060000e+02 
3.562248e-04    4.893901e-04    nan            1.000000e+02         1.000000e+03         nan                 1.133635e+01         4.000000e+04         nan                 nan                                                    0.000000e+00    nan                                nan                 nan                       nan                      nan                      nan 
3.562248e-04    4.893901e-04    nan            1.000000e+03         1.000000e+04         nan                 1.133635e+01         4.000000e+04         nan                 nan                                                    0.000000e+00    nan                                nan                 nan                       nan                      nan                      nan 
3.562248e-04    4.893901e-04    nan            1.000000e+04         1.000000e+05         nan                 1.133635e+01         4.000000e+04         nan                 nan                                                    0.000000e+00    nan                                nan                 nan                       nan                      nan                      nan 
4.893901e-04    6.723358e-04    5.836634e-04   4.000000e+00         1.000000e+01         6.300938e+00        1.133635e+01         4.000000e+04         9.892182e+03        1.102093e+01                                           5.522043e+04    2.349903e+02                       5403.03             0.0650862                 0.158405                 0.117672                 8.355000e+03 
4.893901e-04    6.723358e-04    5.975876e-04   1.000000e+01         1.000000e+02         1.496136e+01        1.133635e+01         4.000000e+04         1.754082e+04        1.479463e+01                                           2.165320e+04    1.471503e+02                       4342.34             0.0518919                 0.123784                 0.0556757                1.384000e+03 
4.893901e-04    6.723358e-04    nan            1.000000e+02         1.000000e+03         nan                 1.133635e+01         4.000000e+04         nan                 nan                                                    0.000000e+00    nan                                nan                 nan                       nan                      nan                      nan 
4.893901e-04    6.723358e-04    nan            1.000000e+03         1.000000e+04         nan                 1.133635e+01         4.000000e+04         nan                 nan                                                    0.000000e+00    nan                                nan                 nan                       nan                      nan                      nan 
4.893901e-04    6.723358e-04    nan            1.000000e+04         1.000000e+05         nan                 1.133635e+01         4.000000e+04         nan                 nan                                                    0.000000e+00    nan                                nan                 nan                       nan                      nan                      nan 
6.723358e-04    9.236709e-04    7.965577e-04   4.000000e+00         1.000000e+01         6.463539e+00        1.133635e+01         4.000000e+04         8.135978e+03        7.880138e+00                                           9.187183e+04    3.031037e+02                       11353.2             0.0680795                 0.198278                 0.107815                 8.833000e+03 
6.723358e-04    9.236709e-04    8.120928e-04   1.000000e+01         1.000000e+02         1.604058e+01        1.133635e+01         4.000000e+04         1.494066e+04        1.067416e+01                                           4.943901e+04    2.223489e+02                       5097.44             0.0660455                 0.110352                 0.0306418                2.329000e+03 
6.723358e-04    9.236709e-04    nan            1.000000e+02         1.000000e+03         nan                 1.133635e+01         4.000000e+04         nan                 nan                                                    0.000000e+00    nan                                nan                 nan                       nan                      nan                      nan 
6.723358e-04    9.236709e-04    nan            1.000000e+03         1.000000e+04         nan                 1.133635e+01         4.000000e+04         nan                 nan                                                    0.000000e+00    nan                                nan                 nan                       nan                      nan                      nan 
6.723358e-04    9.236709e-04    nan            1.000000e+04         1.000000e+05         nan                 1.133635e+01         4.000000e+04         nan                 nan                                                    0.000000e+00    nan                                nan                 nan                       nan                      nan                      nan 
9.236709e-04    1.268961e-03    1.104586e-03   4.000000e+00         1.000000e+01         6.616278e+00        1.133635e+01         4.000000e+04         6.833907e+03        5.519717e+00                                           1.429455e+05    3.780813e+02                       12193.5             0.073237                  0.151742                 0.108921                 9.150000e+03 
9.236709e-04    1.268961e-03    1.109636e-03   1.000000e+01         1.000000e+02         1.805357e+01        1.133635e+01         4.000000e+04         1.308447e+04        7.575050e+00                                           1.329580e+05    3.646340e+02                       22526.4             0.0171544                 0.167306                 0.0277497                3.451000e+03 
9.236709e-04    1.268961e-03    nan            1.000000e+02         1.000000e+03         nan                 1.133635e+01         4.000000e+04         nan                 nan                                                    0.000000e+00    nan                                nan                 nan                       nan                      nan                      nan 
9.236709e-04    1.268961e-03    nan            1.000000e+03         1.000000e+04         nan                 1.133635e+01         4.000000e+04         nan                 nan                                                    0.000000e+00    nan                                nan                 nan                       nan                      nan                      nan 
9.236709e-04    1.268961e-03    nan            1.000000e+04         1.000000e+05         nan                 1.133635e+01         4.000000e+04         nan                 nan                                                    0.000000e+00    nan                                nan                 nan                       nan                      nan                      nan 
1.268961e-03    1.743329e-03    1.509096e-03   4.000000e+00         1.000000e+01         6.630053e+00        1.133635e+01         4.000000e+04         5.806186e+03        3.839870e+00                                           1.967132e+05    4.435236e+02                       20935.8             0.071134                  0.146695                 0.0861734                9.369000e+03 
1.268961e-03    1.743329e-03    1.516700e-03   1.000000e+01         1.000000e+02         2.121688e+01        1.133635e+01         4.000000e+04         1.159373e+04        5.284951e+00                                           2.787460e+05    5.279640e+02                       44947.3             0.019225                  0.168596                 0.0131857                5.206000e+03 
1.268961e-03    1.743329e-03    nan            1.000000e+02         1.000000e+03         nan                 1.133635e+01         4.000000e+04         nan                 nan                                                    0.000000e+00    nan                                nan                 nan                       nan                      nan                      nan 
1.268961e-03    1.743329e-03    nan            1.000000e+03         1.000000e+04         nan                 1.133635e+01         4.000000e+04         nan                 nan                                                    0.000000e+00    nan                                nan                 nan                       nan                      nan                      nan 
1.268961e-03    1.743329e-03    nan            1.000000e+04         1.000000e+05         nan                 1.133635e+01         4.000000e+04         nan                 nan                                                    0.000000e+00    nan                                nan                 nan                       nan                      nan                      nan 
1.743329e-03    2.395027e-03    2.059594e-03   4.000000e+00         1.000000e+01         6.762383e+00        1.133635e+01         4.000000e+04         4.769942e+03        2.730922e+00                                           2.511133e+05    5.011121e+02                       33699.9             0.0443392                 0.180625                 0.0525817                9.481000e+03 
1.743329e-03    2.395027e-03    2.081763e-03   1.000000e+01         1.000000e+02         2.465111e+01        1.133635e+01         4.000000e+04         1.031615e+04        3.784482e+00                                           4.789417e+05    6.920562e+02                       47548.8             0.0118323                 0.138275                 0.0336004                6.419000e+03 
1.743329e-03    2.395027e-03    2.111074e-03   1.000000e+02         1.000000e+03         1.128430e+02        1.133635e+01         4.000000e+04         3.147126e+04        4.376520e+00                                           9.008644e+02    3.001440e+01                       337.824             0.13125                   0.1875                   0.29375                  1.120000e+02 
1.743329e-03    2.395027e-03    nan            1.000000e+03         1.000000e+04         nan                 1.133635e+01         4.000000e+04         nan                 nan                                                    0.000000e+00    nan                                nan                 nan                       nan                      nan                      nan 
1.743329e-03    2.395027e-03    nan            1.000000e+04         1.000000e+05         nan                 1.133635e+01         4.000000e+04         nan                 nan                                                    0.000000e+00    nan                                nan                 nan                       nan                      nan                      nan 
2.395027e-03    3.290345e-03    2.827282e-03   4.000000e+00         1.000000e+01         6.822726e+00        1.133635e+01         4.000000e+04         4.255429e+03        1.958640e+00                                           3.082943e+05    5.552425e+02                       52062.9             0.050793                  0.183822                 0.050912                 9.640000e+03 
2.395027e-03    3.290345e-03    2.854110e-03   1.000000e+01         1.000000e+02         2.860831e+01        1.133635e+01         4.000000e+04         9.170010e+03        2.747606e+00                                           7.651532e+05    8.747304e+02                       75745.6             0.00769599                0.141418                 0.0291554                7.409000e+03 
2.395027e-03    3.290345e-03    2.950182e-03   1.000000e+02         1.000000e+03         1.243225e+02        1.133635e+01         4.000000e+04         2.603644e+04        2.977746e+00                                           7.727361e+03    8.790541e+01                       10742.5             0.360784                  0.547059                 1.13529                  3.580000e+02 
2.395027e-03    3.290345e-03    nan            1.000000e+03         1.000000e+04         nan                 1.133635e+01         4.000000e+04         nan                 nan                                                    0.000000e+00    nan                                nan                 nan                       nan                      nan                      nan 
2.395027e-03    3.290345e-03    nan            1.000000e+04         1.000000e+05         nan                 1.133635e+01         4.000000e+04         nan                 nan                                                    0.000000e+00    nan                                nan                 nan                       nan                      nan                      nan 
3.290345e-03    4.520354e-03    3.903563e-03   4.000000e+00         1.000000e+01         6.901702e+00        1.133635e+01         4.000000e+04         3.569340e+03        1.341506e+00                                           3.669493e+05    6.057634e+02                       46744.9             0.0435348                 0.149155                 0.0535737                9.753000e+03 
3.290345e-03    4.520354e-03    3.913960e-03   1.000000e+01         1.000000e+02         3.192041e+01        1.133635e+01         4.000000e+04         8.032862e+03        1.942887e+00                                           1.226665e+06    1.107549e+03                       71475.3             0.00960418                0.101698                 0.0455395                8.137000e+03 
3.290345e-03    4.520354e-03    4.021485e-03   1.000000e+02         1.000000e+03         1.295602e+02        1.133635e+01         4.000000e+04         2.145090e+04        2.074173e+00                                           4.238823e+04    2.058840e+02                       5638.53             0.0709602                 0.100468                 0.140984                 6.790000e+02 
3.290345e-03    4.520354e-03    nan            1.000000e+03         1.000000e+04         nan                 1.133635e+01         4.000000e+04         nan                 nan                                                    0.000000e+00    nan                                nan                 nan                       nan                      nan                      nan 
3.290345e-03    4.520354e-03    nan            1.000000e+04         1.000000e+05         nan                 1.133635e+01         4.000000e+04         nan                 nan                                                    0.000000e+00    nan                                nan                 nan                       nan                      nan                      nan 
4.520354e-03    6.210169e-03    5.349136e-03   4.000000e+00         1.000000e+01         6.953665e+00        1.133635e+01         4.000000e+04         3.327235e+03        9.184740e-01                                           4.432732e+05    6.657877e+02                       47671.6             0.043144                  0.133104                 0.0287149                9.834000e+03 
4.520354e-03    6.210169e-03    5.377562e-03   1.000000e+01         1.000000e+02         3.501469e+01        1.133635e+01         4.000000e+04         6.988774e+03        1.335677e+00                                           1.770787e+06    1.330709e+03                       91014.2             0.00424878                0.0965968                0.0382879                8.640000e+03 
4.520354e-03    6.210169e-03    5.489958e-03   1.000000e+02         1.000000e+03         1.376878e+02        1.133635e+01         4.000000e+04         1.769291e+04        1.393431e+00                                           1.522988e+05    3.902548e+02                       23925.4             0.0197313                 0.0689337                0.107137                 1.253000e+03 
4.520354e-03    6.210169e-03    nan            1.000000e+03         1.000000e+04         nan                 1.133635e+01         4.000000e+04         nan                 nan                                                    0.000000e+00    nan                                nan                 nan                       nan                      nan                      nan 
4.520354e-03    6.210169e-03    nan            1.000000e+04         1.000000e+05         nan                 1.133635e+01         4.000000e+04         nan                 nan                                                    0.000000e+00    nan                                nan                 nan                       nan                      nan                      nan 
6.210169e-03    8.531679e-03    7.324623e-03   4.000000e+00         1.000000e+01         6.961655e+00        1.133635e+01         4.000000e+04         2.775845e+03        6.010211e-01                                           4.427932e+05    6.654270e+02                       56708.0             0.0295963                 0.126323                 0.00930169               9.851000e+03 
6.210169e-03    8.531679e-03    7.368529e-03   1.000000e+01         1.000000e+02         3.785449e+01        1.133635e+01         4.000000e+04         6.092611e+03        8.972083e-01                                           2.353467e+06    1.534101e+03                       1.13914e+05         0.00344739                0.0877277                0.0324457                9.003000e+03 
6.210169e-03    8.531679e-03    7.462801e-03   1.000000e+02         1.000000e+03         1.519345e+02        1.133635e+01         4.000000e+04         1.508091e+04        9.175096e-01                                           3.709143e+05    6.090273e+02                       17909.5             0.0149298                 0.0162365                0.0144071                2.065000e+03 
6.210169e-03    8.531679e-03    nan            1.000000e+03         1.000000e+04         nan                 1.133635e+01         4.000000e+04         nan                 nan                                                    0.000000e+00    nan                                nan                 nan                       nan                      nan                      nan 
6.210169e-03    8.531679e-03    nan            1.000000e+04         1.000000e+05         nan                 1.133635e+01         4.000000e+04         nan                 nan                                                    0.000000e+00    nan                                nan                 nan                       nan                      nan                      nan 
8.531679e-03    1.172102e-02    1.005724e-02   4.000000e+00         1.000000e+01         7.006285e+00        1.133635e+01         4.000000e+04         2.665301e+03        3.889837e-01                                           4.951907e+05    7.036979e+02                       43243.5             0.0366083                 0.0947217                0.00768226               9.884000e+03 
8.531679e-03    1.172102e-02    1.009115e-02   1.000000e+01         1.000000e+02         4.076608e+01        1.133635e+01         4.000000e+04         5.279590e+03        5.866280e-01                                           2.984872e+06    1.727678e+03                       50612.8             0.00451029                0.0558861                0.0321463                9.256000e+03 
8.531679e-03    1.172102e-02    1.022510e-02   1.000000e+02         1.000000e+03         1.717216e+02        1.133635e+01         4.000000e+04         1.316010e+04        5.858844e-01                                           7.768766e+05    8.814060e+02                       28228.4             0.00477805                0.0355771                0.0131073                3.158000e+03 
8.531679e-03    1.172102e-02    nan            1.000000e+03         1.000000e+04         nan                 1.133635e+01         4.000000e+04         nan                 nan                                                    0.000000e+00    nan                                nan                 nan                       nan                      nan                      nan 
8.531679e-03    1.172102e-02    nan            1.000000e+04         1.000000e+05         nan                 1.133635e+01         4.000000e+04         nan                 nan                                                    0.000000e+00    nan                                nan                 nan                       nan                      nan                      nan 
1.172102e-02    1.610262e-02    1.377877e-02   4.000000e+00         1.000000e+01         7.069120e+00        1.133635e+01         4.000000e+04         2.331632e+03        2.621913e-01                                           4.559560e+05    6.752451e+02                       29889.8             0.0276141                 0.0569492                0.0129596                9.896000e+03 
1.172102e-02    1.610262e-02    1.381708e-02   1.000000e+01         1.000000e+02         4.316344e+01        1.133635e+01         4.000000e+04         4.620634e+03        4.027009e-01                                           3.454531e+06    1.858637e+03                       60382.1             0.00346898                0.0519777                0.025645                 9.465000e+03 
1.172102e-02    1.610262e-02    1.399846e-02   1.000000e+02         1.000000e+03         1.923747e+02        1.133635e+01         4.000000e+04         1.144584e+04        3.823898e-01                                           1.453736e+06    1.205710e+03                       19173.0             0.00467249                0.0252755                0.00903641               4.696000e+03 
1.172102e-02    1.610262e-02    nan            1.000000e+03         1.000000e+04         nan                 1.133635e+01         4.000000e+04         nan                 nan                                                    0.000000e+00    nan                                nan                 nan                       nan                      nan                      nan 
1.172102e-02    1.610262e-02    nan            1.000000e+04         1.000000e+05         nan                 1.133635e+01         4.000000e+04         nan                 nan                                                    0.000000e+00    nan                                nan                 nan                       nan                      nan                      nan 
1.610262e-02    2.212216e-02    1.891195e-02   4.000000e+00         1.000000e+01         7.016803e+00        1.133635e+01         4.000000e+04         2.214414e+03        1.706331e-01                                           4.475145e+05    6.689652e+02                       11616.3             0.0289661                 0.0414934                0.0182987                9.918000e+03 
1.610262e-02    2.212216e-02    1.897463e-02   1.000000e+01         1.000000e+02         4.552300e+01        1.133635e+01         4.000000e+04         4.029401e+03        2.662376e-01                                           4.210595e+06    2.051974e+03                       23238.4             0.00297768                0.0246971                0.0246528                9.606000e+03 
1.610262e-02    2.212216e-02    1.915496e-02   1.000000e+02         1.000000e+03         2.185081e+02        1.133635e+01         4.000000e+04         1.003897e+04        2.463374e-01                                           2.187246e+06    1.478934e+03                       58496.9             0.00453271                0.00408619               0.0273105                6.036000e+03 
1.610262e-02    2.212216e-02    2.003349e-02   1.000000e+03         1.000000e+04         1.173660e+03        1.133635e+01         4.000000e+04         3.431871e+04        1.727885e-01                                           1.820897e+03    4.267197e+01                       1893.73             0.28                      0.165                    1.255                    8.300000e+01 
1.610262e-02    2.212216e-02    nan            1.000000e+04         1.000000e+05         nan                 1.133635e+01         4.000000e+04         nan                 nan                                                    0.000000e+00    nan                                nan                 nan                       nan                      nan                      nan 
2.212216e-02    3.039195e-02    2.573334e-02   4.000000e+00         1.000000e+01         7.415714e+00        1.133635e+01         4.000000e+04         2.012495e+03        1.104569e-01                                           3.411536e+05    5.840836e+02                       20482.6             0.0105142                 0.0177203                0.0905667                8.439000e+03 
2.212216e-02    3.039195e-02    2.605579e-02   1.000000e+01         1.000000e+02         4.696494e+01        1.133635e+01         4.000000e+04         3.535799e+03        1.680263e-01                                           4.513144e+06    2.124416e+03                       1.14239e+05         0.00577362                0.00683919               0.0293411                9.700000e+03 
2.212216e-02    3.039195e-02    2.631257e-02   1.000000e+02         1.000000e+03         2.503326e+02        1.133635e+01         4.000000e+04         8.840868e+03        1.512826e-01                                           3.903016e+06    1.975605e+03                       2.4277e+05          0.00342063                0.029774                 0.0402896                7.199000e+03 
2.212216e-02    3.039195e-02    2.710855e-02   1.000000e+03         1.000000e+04         1.211188e+03        1.133635e+01         4.000000e+04         2.867626e+04        1.100902e-01                                           1.590604e+04    1.261191e+02                       8655.62             0.0331288                 0.106135                 0.607362                 2.620000e+02 
2.212216e-02    3.039195e-02    nan            1.000000e+04         1.000000e+05         nan                 1.133635e+01         4.000000e+04         nan                 nan                                                    0.000000e+00    nan                                nan                 nan                       nan                      nan                      nan 
3.039195e-02    4.175319e-02    3.511588e-02   4.000000e+00         1.000000e+01         8.296944e+00        1.133635e+01         4.000000e+04         1.921218e+03        7.033520e-02                                           2.091152e+05    4.572912e+02                       31983.7             0.015393                  0.0201419                0.170579                 5.410000e+03 
3.039195e-02    4.175319e-02    3.582372e-02   1.000000e+01         1.000000e+02         4.865184e+01        1.133635e+01         4.000000e+04         3.114980e+03        1.012030e-01                                           4.320331e+06    2.078541e+03                       64793.8             0.00208532                0.0069556                0.00855634               9.765000e+03 
3.039195e-02    4.175319e-02    3.611105e-02   1.000000e+02         1.000000e+03         2.811523e+02        1.133635e+01         4.000000e+04         7.712964e+03        9.003955e-02                                           4.909540e+06    2.215748e+03                       2.76683e+05         0.00162508                0.0144075                0.0355862                7.890000e+03 
3.039195e-02    4.175319e-02    3.706447e-02   1.000000e+03         1.000000e+04         1.249134e+03        1.133635e+01         4.000000e+04         2.251882e+04        6.510811e-02                                           9.195428e+04    3.032396e+02                       26643.5             0.00884831                0.0539326                0.344382                 6.070000e+02 
3.039195e-02    4.175319e-02    nan            1.000000e+04         1.000000e+05         nan                 1.133635e+01         4.000000e+04         nan                 nan                                                    0.000000e+00    nan                                nan                 nan                       nan                      nan                      nan 
4.175319e-02    5.736153e-02    4.532969e-02   4.000000e+00         1.000000e+01         9.270045e+00        1.133635e+01         4.000000e+04         1.968530e+03        4.767483e-02                                           4.919441e+04    2.217981e+02                       17339.7             0.0331183                 0.0513978                0.327312                 1.294000e+03 
4.175319e-02    5.736153e-02    4.911330e-02   1.000000e+01         1.000000e+02         5.015756e+01        1.133635e+01         4.000000e+04         2.800836e+03        5.881568e-02                                           4.410615e+06    2.100146e+03                       1.42081e+05         0.00193275                0.0257803                0.00723937               9.820000e+03 
4.175319e-02    5.736153e-02    4.949175e-02   1.000000e+02         1.000000e+03         3.113589e+02        1.133635e+01         4.000000e+04         6.754358e+03        5.180176e-02                                           6.121536e+06    2.474174e+03                       4.28713e+05         0.00129401                0.0317219                0.041261                 8.522000e+03 
4.175319e-02    5.736153e-02    5.057816e-02   1.000000e+03         1.000000e+04         1.319786e+03        1.133635e+01         4.000000e+04         1.818899e+04        3.688522e-02                                           2.478889e+05    4.978844e+02                       28594.1             0.00767524                0.0484028                0.152972                 1.072000e+03 
4.175319e-02    5.736153e-02    nan            1.000000e+04         1.000000e+05         nan                 1.133635e+01         4.000000e+04         nan                 nan                                                    0.000000e+00    nan                                nan                 nan                       nan                      nan                      nan 
5.736153e-02    7.880463e-02    nan            4.000000e+00         1.000000e+01         nan                 1.133635e+01         4.000000e+04         nan                 nan                                                    0.000000e+00    nan                                nan                 nan                       nan                      nan                      nan 
5.736153e-02    7.880463e-02    6.715437e-02   1.000000e+01         1.000000e+02         5.229677e+01        1.133635e+01         4.000000e+04         2.526103e+03        3.380121e-02                                           3.866362e+06    1.966307e+03                       1.59208e+05         0.00162877                0.0334324                0.00518043               9.532000e+03 
5.736153e-02    7.880463e-02    6.770865e-02   1.000000e+02         1.000000e+03         3.378254e+02        1.133635e+01         4.000000e+04         5.856035e+03        2.913756e-02                                           7.417582e+06    2.723524e+03                       5.31645e+05         0.0025826                 0.0337383                0.0281553                8.953000e+03 
5.736153e-02    7.880463e-02    6.864929e-02   1.000000e+03         1.000000e+04         1.418815e+03        1.133635e+01         4.000000e+04         1.520693e+04        2.019070e-02                                           6.320541e+05    7.950183e+02                       16501.8             0.00403832                0.0691585                0.03858                  1.869000e+03 
5.736153e-02    7.880463e-02    nan            1.000000e+04         1.000000e+05         nan                 1.133635e+01         4.000000e+04         nan                 nan                                                    0.000000e+00    nan                                nan                 nan                       nan                      nan                      nan 
7.880463e-02    1.082637e-01    nan            4.000000e+00         1.000000e+01         nan                 1.133635e+01         4.000000e+04         nan                 nan                                                    0.000000e+00    nan                                nan                 nan                       nan                      nan                      nan 
7.880463e-02    1.082637e-01    9.205681e-02   1.000000e+01         1.000000e+02         5.582594e+01        1.133635e+01         4.000000e+04         2.334473e+03        2.060021e-02                                           3.171207e+06    1.780788e+03                       2.5881e+05          0.00133828                0.075848                 0.00873772               9.055000e+03 
7.880463e-02    1.082637e-01    9.272068e-02   1.000000e+02         1.000000e+03         3.645520e+02        1.133635e+01         4.000000e+04         5.077801e+03        1.772693e-02                                           7.582157e+06    2.753572e+03                       7.46597e+05         0.000859659               0.0652578                0.0338691                9.185000e+03 
7.880463e-02    1.082637e-01    9.384265e-02   1.000000e+03         1.000000e+04         1.578629e+03        1.133635e+01         4.000000e+04         1.312706e+04        1.177030e-02                                           1.228183e+06    1.108234e+03                       42098.3             0.00238374                0.0525061                0.0148877                2.795000e+03 
7.880463e-02    1.082637e-01    nan            1.000000e+04         1.000000e+05         nan                 1.133635e+01         4.000000e+04         nan                 nan                                                    0.000000e+00    nan                                nan                 nan                       nan                      nan                      nan 
1.082637e-01    1.487352e-01    nan            4.000000e+00         1.000000e+01         nan                 1.133635e+01         4.000000e+04         nan                 nan                                                    0.000000e+00    nan                                nan                 nan                       nan                      nan                      nan 
1.082637e-01    1.487352e-01    1.262583e-01   1.000000e+01         1.000000e+02         5.965379e+01        1.133635e+01         4.000000e+04         2.191529e+03        1.193375e-02                                           2.512286e+06    1.585019e+03                       3.25677e+05         0.00329828                0.126849                 0.0250706                8.372000e+03 
1.082637e-01    1.487352e-01    1.272830e-01   1.000000e+02         1.000000e+03         3.864096e+02        1.133635e+01         4.000000e+04         4.368592e+03        1.011327e-02                                           8.340106e+06    2.887924e+03                       1.08704e+06         0.00126732                0.102469                 0.0373432                9.374000e+03 
1.082637e-01    1.487352e-01    1.284826e-01   1.000000e+03         1.000000e+04         1.730004e+03        1.133635e+01         4.000000e+04         1.108572e+04        6.466807e-03                                           1.797819e+06    1.340828e+03                       1.72375e+05         0.0019071                 0.0860722                0.0154562                4.221000e+03 
1.082637e-01    1.487352e-01    nan            1.000000e+04         1.000000e+05         nan                 1.133635e+01         4.000000e+04         nan                 nan                                                    0.000000e+00    nan                                nan                 nan                       nan                      nan                      nan 
1.487352e-01    2.043360e-01    nan            4.000000e+00         1.000000e+01         nan                 1.133635e+01         4.000000e+04         nan                 nan                                                    0.000000e+00    nan                                nan                 nan                       nan                      nan                      nan 
1.487352e-01    2.043360e-01    1.733853e-01   1.000000e+01         1.000000e+02         6.477067e+01        1.133635e+01         4.000000e+04         2.084027e+03        6.485683e-03                                           1.837350e+06    1.355489e+03                       2.94161e+05         0.00174301                0.160605                 0.0233602                7.381000e+03 
1.487352e-01    2.043360e-01    1.748163e-01   1.000000e+02         1.000000e+03         4.057445e+02        1.133635e+01         4.000000e+04         3.815385e+03        5.358178e-03                                           8.595652e+06    2.931834e+03                       1.24731e+06         0.00118776                0.125872                 0.0340672                9.555000e+03 
1.487352e-01    2.043360e-01    1.761620e-01   1.000000e+03         1.000000e+04         1.924248e+03        1.133635e+01         4.000000e+04         9.587534e+03        3.209349e-03                                           2.575667e+06    1.604888e+03                       3.19859e+05         0.00103231                0.0969229                0.0317088                5.738000e+03 
1.487352e-01    2.043360e-01    1.999368e-01   1.000000e+04         1.000000e+05         1.056592e+04        1.133635e+01         4.000000e+04         3.414427e+04        6.515659e-04                                           3.096669e+02    1.759735e+01                       371.6               0.2                       0.525                    1.3                      4.500000e+01 
2.043360e-01    2.807216e-01    nan            4.000000e+00         1.000000e+01         nan                 1.133635e+01         4.000000e+04         nan                 nan                                                    0.000000e+00    nan                                nan                 nan                       nan                      nan                      nan 
2.043360e-01    2.807216e-01    2.368784e-01   1.000000e+01         1.000000e+02         7.123968e+01        1.133635e+01         4.000000e+04         1.995316e+03        3.206765e-03                                           1.092275e+06    1.045119e+03                       1.84146e+05         0.00322473                0.167206                 0.0116715                6.049000e+03 
2.043360e-01    2.807216e-01    2.395611e-01   1.000000e+02         1.000000e+03         4.237436e+02        1.133635e+01         4.000000e+04         3.395714e+03        2.538059e-03                                           6.592838e+06    2.567652e+03                       8.26002e+05         0.0022332                 0.121293                 0.00456188               9.639000e+03 
2.043360e-01    2.807216e-01    2.414325e-01   1.000000e+03         1.000000e+04         2.091998e+03        1.133635e+01         4.000000e+04         8.281755e+03        1.409714e-03                                           2.782453e+06    1.668069e+03                       3.39503e+05         0.00137904                0.0876818                0.0522792                6.834000e+03 
2.043360e-01    2.807216e-01    2.443024e-01   1.000000e+04         1.000000e+05         1.205705e+04        1.133635e+01         4.000000e+04         3.101536e+04        3.675716e-04                                           3.003458e+03    5.480381e+01                       1347.27             0.0285714                 0.248571                 0.497143                 2.120000e+02 
2.807216e-01    3.856620e-01    nan            4.000000e+00         1.000000e+01         nan                 1.133635e+01         4.000000e+04         nan                 nan                                                    0.000000e+00    nan                                nan                 nan                       nan                      nan                      nan 
2.807216e-01    3.856620e-01    3.218800e-01   1.000000e+01         1.000000e+02         7.942698e+01        1.133635e+01         4.000000e+04         1.904728e+03        1.323718e-03                                           4.821090e+05    6.943407e+02                       67227.4             0.00786809                0.136666                 0.0116333                4.115000e+03 
2.807216e-01    3.856620e-01    3.266527e-01   1.000000e+02         1.000000e+03         4.346826e+02        1.133635e+01         4.000000e+04         3.090340e+03        1.009106e-03                                           4.662604e+06    2.159306e+03                       2.74541e+05         0.00127585                0.0784811                0.0428069                9.744000e+03 
2.807216e-01    3.856620e-01    3.290821e-01   1.000000e+03         1.000000e+04         2.303075e+03        1.133635e+01         4.000000e+04         7.219777e+03        5.214956e-04                                           2.374911e+06    1.541075e+03                       1.65612e+05         0.00231662                0.017072                 0.0397979                7.730000e+03 
2.807216e-01    3.856620e-01    3.409569e-01   1.000000e+04         1.000000e+05         1.213275e+04        1.133635e+01         4.000000e+04         2.348693e+04        1.323817e-04                                           9.970561e+03    9.985270e+01                       5164.53             0.0258427                 0.0741573                0.37191                  4.910000e+02 
3.856620e-01    5.298317e-01    nan            4.000000e+00         1.000000e+01         nan                 1.133635e+01         4.000000e+04         nan                 nan                                                    0.000000e+00    nan                                nan                 nan                       nan                      nan                      nan 
3.856620e-01    5.298317e-01    4.254930e-01   1.000000e+01         1.000000e+02         9.008723e+01        1.133635e+01         4.000000e+04         1.950212e+03        6.646782e-04                                           1.167684e+05    3.417140e+02                       21462.5             0.005                     0.127174                 0.0407609                1.529000e+03 
3.856620e-01    5.298317e-01    4.427383e-01   1.000000e+02         1.000000e+03         4.444141e+02        1.133635e+01         4.000000e+04         2.845987e+03        4.249171e-04                                           2.408512e+06    1.551938e+03                       1.25371e+05         0.00152439                0.0267673                0.0770151                9.779000e+03 
3.856620e-01    5.298317e-01    4.445798e-01   1.000000e+03         1.000000e+04         2.482513e+03        1.133635e+01         4.000000e+04         6.379007e+03        2.061692e-04                                           1.919611e+06    1.385500e+03                       41503.3             0.00162774                0.071288                 0.0598301                8.286000e+03 
3.856620e-01    5.298317e-01    4.556555e-01   1.000000e+04         1.000000e+05         1.277595e+04        1.133635e+01         4.000000e+04         1.937453e+04        4.572397e-05                                           2.124701e+04    1.457636e+02                       9962.18             0.0251656                 0.139735                 0.109934                 9.740000e+02 
5.298317e-01    7.278954e-01    nan            4.000000e+00         1.000000e+01         nan                 1.133635e+01         4.000000e+04         nan                 nan                                                    0.000000e+00    nan                                nan                 nan                       nan                      nan                      nan 
5.298317e-01    7.278954e-01    nan            1.000000e+01         1.000000e+02         nan                 1.133635e+01         4.000000e+04         nan                 nan                                                    0.000000e+00    nan                                nan                 nan                       nan                      nan                      nan 
5.298317e-01    7.278954e-01    5.951695e-01   1.000000e+02         1.000000e+03         4.531299e+02        1.133635e+01         4.000000e+04         2.643059e+03        1.004093e-04                                           8.056420e+05    8.975756e+02                       6.58579e+05         0.00355002                0.553112                 0.456032                 9.587000e+03 
5.298317e-01    7.278954e-01    5.982337e-01   1.000000e+03         1.000000e+04         2.616599e+03        1.133635e+01         4.000000e+04         5.740958e+03        4.320860e-05                                           5.969496e+05    7.726251e+02                       4.41565e+05         0.00202664                0.772245                 0.0621888                8.779000e+03 
5.298317e-01    7.278954e-01    6.147355e-01   1.000000e+04         1.000000e+05         1.346387e+04        1.133635e+01         4.000000e+04         1.607943e+04        8.941532e-06                                           1.513436e+04    1.230218e+02                       17217.2             0.0108911                 1.09208                  0.060396                 1.599000e+03 
7.278954e-01    1.000000e+00    nan            4.000000e+00         1.000000e+01         nan                 1.133635e+01         4.000000e+04         nan                 nan                                                    0.000000e+00    nan                                nan                 nan                       nan                      nan                      nan 
7.278954e-01    1.000000e+00    nan            1.000000e+01         1.000000e+02         nan                 1.133635e+01         4.000000e+04         nan                 nan                                                    0.000000e+00    nan                                nan                 nan                       nan                      nan                      nan 
7.278954e-01    1.000000e+00    7.863028e-01   1.000000e+02         1.000000e+03         4.787339e+02        1.133635e+01         4.000000e+04         2.598417e+03        1.127492e-05                                           8.758211e+04    2.959427e+02                       5.97607e+05         0.0217125                 4.55382                  3.07125                  8.934000e+03 
7.278954e-01    1.000000e+00    7.895997e-01   1.000000e+03         1.000000e+04         2.957355e+03        1.133635e+01         4.000000e+04         5.178015e+03        4.574864e-06                                           7.551462e+04    2.747992e+02                       4.70339e+05         0.0143092                 5.68207                  1.18339                  9.077000e+03 
7.278954e-01    1.000000e+00    7.898561e-01   1.000000e+04         1.000000e+05         1.428833e+04        1.133635e+01         4.000000e+04         1.341948e+04        1.095842e-06                                           2.644146e+03    5.142126e+01                       14051.7             0.0380952                 5.91429                  0.152381                 2.454000e+03 
