# x y Q2 xsec_nu xsec_nub
1.778860e-04 8.232979e-01 4.794985e+00 9.039627e+01 8.892069e+01
2.369737e-04 8.245559e-01 5.538373e+00 6.874735e+01 6.747050e+01
3.042620e-04 7.787780e-01 6.056790e+00 5.468465e+01 5.359399e+01
4.267798e-04 6.178032e-01 6.138854e+00 4.153648e+01 4.075339e+01
4.284017e-04 8.393971e-01 1.304868e+01 4.581104e+01 4.481185e+01
5.800873e-04 5.806146e-01 6.191217e+00 2.994650e+01 2.930759e+01
6.057081e-04 8.195647e-01 1.457336e+01 3.166020e+01 3.083244e+01
8.027273e-04 5.376786e-01 6.260234e+00 2.123150e+01 2.071925e+01
8.166334e-04 6.975638e-01 1.478772e+01 2.416203e+01 2.350792e+01
1.106819e-03 4.899798e-01 6.579939e+00 1.538310e+01 1.497411e+01
1.098933e-03 6.584896e-01 1.695976e+01 1.802784e+01 1.747988e+01
1.505749e-03 4.133957e-01 6.451773e+00 1.131260e+01 1.100486e+01
1.528681e-03 6.414142e-01 2.007702e+01 1.273105e+01 1.227012e+01
2.064091e-03 3.787585e-01 6.578960e+00 8.047655e+00 7.799041e+00
2.074615e-03 6.155936e-01 2.287372e+01 9.179154e+00 8.790695e+00
2.825158e-03 3.093767e-01 6.657239e+00 5.890687e+00 5.707290e+00
2.861931e-03 5.828404e-01 2.604840e+01 6.627338e+00 6.306019e+00
3.911010e-03 2.677282e-01 6.827027e+00 4.163921e+00 4.022411e+00
3.910875e-03 5.405453e-01 2.978844e+01 4.747144e+00 4.481541e+00
3.986330e-03 8.489586e-01 1.231727e+02 4.524880e+00 4.176310e+00
5.346840e-03 2.208417e-01 6.850500e+00 2.978254e+00 2.872797e+00
5.371729e-03 4.913453e-01 3.226958e+01 3.350591e+00 3.135381e+00
5.501089e-03 7.756398e-01 1.328054e+02 3.134096e+00 2.845659e+00
7.335826e-03 1.928852e-01 6.878522e+00 2.090735e+00 2.008863e+00
7.384595e-03 4.470363e-01 3.527729e+01 2.351145e+00 2.176747e+00
7.470851e-03 7.199806e-01 1.469208e+02 2.197177e+00 1.956059e+00
1.008922e-02 1.477704e-01 6.878916e+00 1.484971e+00 1.427868e+00
1.011444e-02 4.016885e-01 3.775167e+01 1.651983e+00 1.511939e+00
1.025663e-02 6.751499e-01 1.638469e+02 1.509601e+00 1.308701e+00
1.376559e-02 1.243909e-01 6.955981e+00 1.050374e+00 1.007380e+00
1.383835e-02 3.551166e-01 4.024345e+01 1.159753e+00 1.048824e+00
1.404554e-02 6.312192e-01 1.862004e+02 1.037965e+00 8.712005e-01
1.895590e-02 9.663401e-02 6.866547e+00 7.358142e-01 7.055181e-01
1.903058e-02 3.095750e-01 4.254863e+01 8.063854e-01 7.201459e-01
1.921242e-02 5.969766e-01 2.072214e+02 7.089137e-01 5.705200e-01
2.578899e-02 7.751849e-02 7.340459e+00 5.270189e-01 5.046000e-01
2.612258e-02 2.627642e-01 4.352833e+01 5.599894e-01 4.949123e-01
2.638087e-02 5.605240e-01 2.336235e+02 4.816505e-01 3.687684e-01
2.674615e-02 8.629778e-01 1.091589e+03 3.485260e-01 2.370804e-01
3.517540e-02 6.874619e-02 8.270418e+00 3.740889e-01 3.559892e-01
3.588795e-02 2.239056e-01 4.518726e+01 3.847746e-01 3.360203e-01
3.618952e-02 5.163996e-01 2.574172e+02 3.274825e-01 2.377942e-01
3.724087e-02 8.087535e-01 1.191516e+03 2.261579e-01 1.383291e-01
4.531379e-02 5.322961e-02 9.279567e+00 2.832788e-01 2.695386e-01
4.925801e-02 1.827479e-01 4.626095e+01 2.637651e-01 2.288456e-01
4.958845e-02 4.665144e-01 2.817890e+02 2.226441e-01 1.535695e-01
5.077002e-02 7.711253e-01 1.285006e+03 1.502292e-01 8.112963e-02
6.738666e-02 1.522743e-01 4.894590e+01 1.799277e-01 1.546960e-01
6.787670e-02 4.165962e-01 3.063590e+02 1.509010e-01 9.925281e-02
6.872649e-02 7.063204e-01 1.366200e+03 1.017341e-01 4.900850e-02
9.251350e-02 1.278588e-01 5.303235e+01 1.210933e-01 1.030672e-01
9.304421e-02 3.658467e-01 3.260455e+02 1.014016e-01 6.425954e-02
9.386243e-02 6.534210e-01 1.517694e+03 6.627893e-02 2.804634e-02
1.268457e-01 1.047267e-01 5.729984e+01 8.075993e-02 6.848022e-02
1.277483e-01 3.122300e-01 3.447322e+02 6.704571e-02 4.192041e-02
1.285934e-01 5.931390e-01 1.621003e+03 4.289945e-02 1.634728e-02
1.740029e-01 8.890271e-02 6.299167e+01 5.202039e-02 4.397844e-02
1.755455e-01 2.617614e-01 3.587092e+02 4.261206e-02 2.690759e-02
1.766850e-01 5.288390e-01 1.757651e+03 2.628342e-02 9.462515e-03
2.381313e-01 7.506938e-02 7.043366e+01 3.120725e-02 2.658095e-02
2.408466e-01 2.160596e-01 3.726735e+02 2.495250e-02 1.630821e-02
2.422378e-01 4.515141e-01 1.851933e+03 1.493880e-02 5.620115e-03
2.612888e-01 9.326810e-01 1.185274e+04 2.340719e-03 1.865477e-04
3.228858e-01 6.479247e-02 7.933790e+01 1.663541e-02 1.441589e-02
3.288835e-01 1.769081e-01 3.822787e+02 1.268575e-02 8.782327e-03
3.305917e-01 3.915435e-01 1.961999e+03 7.215583e-03 2.955032e-03
3.576587e-01 7.938961e-01 1.154394e+04 1.100471e-03 9.786414e-05
4.258408e-01 5.576281e-02 8.964532e+01 7.683153e-03 6.785313e-03
4.441611e-01 1.463306e-01 3.894080e+02 5.107443e-03 3.751633e-03
4.457183e-01 3.373193e-01 2.058432e+03 2.713515e-03 1.271050e-03
4.351742e-01 7.208344e-01 1.256121e+04 5.002640e-04 6.192922e-05
5.969901e-01 1.243162e-01 4.062388e+02 1.206886e-03 9.163864e-04
6.014797e-01 2.955412e-01 2.145801e+03 5.633081e-04 2.958826e-04
6.277480e-01 6.084133e-01 1.314581e+04 6.093205e-05 1.343598e-05
