# x y Q2 xsec_nu xsec_nub
2.402160e-04 8.611964e-01 5.877339e+00 6.784221e+01 6.654393e+01
3.291096e-04 7.085257e-01 5.300453e+00 4.964912e+01 4.867308e+01
4.286041e-04 6.388060e-01 6.164944e+00 4.073241e+01 3.993080e+01
4.557031e-04 9.605907e-01 1.357916e+01 4.026399e+01 3.926100e+01
5.820155e-04 6.022735e-01 5.995478e+00 2.896624e+01 2.831226e+01
6.214439e-04 8.132611e-01 1.346881e+01 3.011667e+01 2.930785e+01
8.096715e-04 5.982171e-01 6.110226e+00 1.983165e+01 1.928023e+01
8.168685e-04 6.962312e-01 1.428682e+01 2.394274e+01 2.329125e+01
1.113559e-03 5.488766e-01 6.452957e+00 1.444040e+01 1.399637e+01
1.103178e-03 6.823563e-01 1.675033e+01 1.756229e+01 1.700483e+01
1.512615e-03 4.591683e-01 6.452379e+00 1.081906e+01 1.048469e+01
1.546542e-03 6.583883e-01 2.005826e+01 1.238499e+01 1.192005e+01
2.062895e-03 4.223661e-01 6.551756e+00 7.745572e+00 7.474516e+00
2.080884e-03 6.255698e-01 2.064365e+01 8.876493e+00 8.487907e+00
2.829201e-03 3.705814e-01 6.558169e+00 5.551239e+00 5.339887e+00
2.866311e-03 5.979207e-01 2.349081e+01 6.269043e+00 5.944398e+00
3.921013e-03 3.296743e-01 6.829589e+00 3.936781e+00 3.770408e+00
3.913221e-03 5.644455e-01 2.676103e+01 4.576202e+00 4.305907e+00
3.910893e-03 8.470564e-01 1.200237e+02 4.631098e+00 4.279528e+00
5.350483e-03 2.695378e-01 6.709849e+00 2.838850e+00 2.715928e+00
5.366368e-03 5.185413e-01 2.915948e+01 3.236958e+00 3.015755e+00
5.492006e-03 7.814283e-01 1.346273e+02 3.133546e+00 2.844041e+00
7.360628e-03 2.427265e-01 6.774413e+00 1.989886e+00 1.892395e+00
7.411265e-03 4.870552e-01 3.190879e+01 2.241905e+00 2.058862e+00
7.488994e-03 7.264978e-01 1.457662e+02 2.180928e+00 1.939217e+00
1.009150e-02 1.899252e-01 6.815573e+00 1.431690e+00 1.362391e+00
1.013158e-02 4.291437e-01 3.364261e+01 1.594330e+00 1.448819e+00
1.031738e-02 6.754418e-01 1.575837e+02 1.495600e+00 1.295275e+00
1.375096e-02 1.657189e-01 6.916436e+00 1.017068e+00 9.632905e-01
1.385858e-02 3.964203e-01 3.679355e+01 1.114439e+00 9.949763e-01
1.403034e-02 6.468738e-01 1.766795e+02 1.028940e+00 8.599455e-01
1.901076e-02 1.324239e-01 6.826072e+00 7.132312e-01 6.745798e-01
1.906742e-02 3.554595e-01 3.901353e+01 7.743894e-01 6.791754e-01
1.920802e-02 6.159626e-01 1.935434e+02 7.016414e-01 5.607016e-01
2.583302e-02 1.071639e-01 7.316841e+00 5.148352e-01 4.861415e-01
2.617711e-02 3.049349e-01 4.043563e+01 5.410837e-01 4.682918e-01
2.642004e-02 5.722290e-01 2.131840e+02 4.786344e-01 3.641693e-01
3.514871e-02 9.771487e-02 8.262423e+00 3.673411e-01 3.438090e-01
3.596724e-02 2.674491e-01 4.231292e+01 3.727688e-01 3.168261e-01
3.626522e-02 5.410643e-01 2.324677e+02 3.239623e-01 2.313879e-01
3.700379e-02 7.944852e-01 1.182226e+03 2.294589e-01 1.415795e-01
4.560014e-02 8.385812e-02 9.286317e+00 2.759765e-01 2.571377e-01
4.931737e-02 2.257879e-01 4.388391e+01 2.568858e-01 2.156533e-01
4.970415e-02 4.950955e-01 2.544293e+02 2.204424e-01 1.483531e-01
5.057399e-02 7.630524e-01 1.255777e+03 1.524018e-01 8.288126e-02
6.742435e-02 1.921006e-01 4.661957e+01 1.762736e-01 1.460397e-01
6.794507e-02 4.497887e-01 2.749967e+02 1.499407e-01 9.516928e-02
6.843156e-02 7.126265e-01 1.357563e+03 1.023561e-01 4.914532e-02
9.247875e-02 1.657444e-01 5.087860e+01 1.192958e-01 9.732469e-02
9.326707e-02 4.015622e-01 2.943400e+02 1.008111e-01 6.088836e-02
9.376590e-02 6.581473e-01 1.471467e+03 6.708243e-02 2.823319e-02
1.269443e-01 1.389369e-01 5.572442e+01 7.979465e-02 6.467094e-02
1.278752e-01 3.505285e-01 3.150280e+02 6.690471e-02 3.934646e-02
1.289222e-01 6.041105e-01 1.562035e+03 4.331350e-02 1.616102e-02
1.739060e-01 1.193909e-01 6.185418e+01 5.168862e-02 4.170886e-02
1.758305e-01 2.999695e-01 3.265042e+02 4.267616e-02 2.510516e-02
1.767361e-01 5.483145e-01 1.698143e+03 2.660343e-02 9.157871e-03
2.380315e-01 1.016041e-01 6.981175e+01 3.109734e-02 2.529376e-02
2.412768e-01 2.513555e-01 3.407095e+02 2.507976e-02 1.523898e-02
2.423291e-01 4.694293e-01 1.758157e+03 1.527560e-02 5.477975e-03
2.629381e-01 9.578465e-01 1.187470e+04 2.301938e-03 1.742203e-04
3.225061e-01 9.306410e-02 7.924559e+01 1.662717e-02 1.365202e-02
3.291054e-01 2.096204e-01 3.534378e+02 1.280357e-02 8.253578e-03
3.310504e-01 4.200212e-01 1.836093e+03 7.424886e-03 2.803449e-03
3.777279e-01 7.528737e-01 1.110858e+04 9.789471e-04 1.038849e-04
4.260536e-01 7.508912e-02 8.939822e+01 7.659282e-03 6.515613e-03
4.448974e-01 1.760705e-01 3.625100e+02 5.141680e-03 3.543840e-03
4.455312e-01 3.641656e-01 1.917143e+03 2.823268e-03 1.230417e-03
5.971710e-01 1.526860e-01 3.766855e+02 1.225358e-03 8.788282e-04
6.023924e-01 3.198014e-01 2.012718e+03 5.785805e-04 2.866515e-04
6.235457e-01 5.836007e-01 1.141684e+04 7.878761e-05 1.875466e-05
