# x y Q2 xsec_nu xsec_nub
1.778860e-04 8.232979e-01 4.794985e+00 8.950410e+01 8.792011e+01
2.369737e-04 8.245559e-01 5.538373e+00 6.811206e+01 6.676361e+01
3.042620e-04 7.787780e-01 6.056790e+00 5.423108e+01 5.309356e+01
4.267798e-04 6.178032e-01 6.138854e+00 4.127474e+01 4.046888e+01
4.284017e-04 8.393971e-01 1.304868e+01 4.557169e+01 4.455304e+01
5.800873e-04 5.806146e-01 6.191217e+00 2.977237e+01 2.912853e+01
6.057081e-04 8.195647e-01 1.457336e+01 3.150463e+01 3.067717e+01
8.027273e-04 5.376786e-01 6.260234e+00 2.112607e+01 2.062216e+01
8.166334e-04 6.975638e-01 1.478772e+01 2.406948e+01 2.342609e+01
1.106819e-03 4.899798e-01 6.579939e+00 1.532669e+01 1.493439e+01
1.098933e-03 6.584896e-01 1.695976e+01 1.797121e+01 1.744124e+01
1.505749e-03 4.133957e-01 6.451773e+00 1.128878e+01 1.100226e+01
1.528681e-03 6.414142e-01 2.007702e+01 1.270607e+01 1.226738e+01
2.064091e-03 3.787585e-01 6.578960e+00 8.042194e+00 7.816653e+00
2.074615e-03 6.155936e-01 2.287372e+01 9.176807e+00 8.811366e+00
2.825158e-03 3.093767e-01 6.657239e+00 5.896519e+00 5.735549e+00
2.861931e-03 5.828404e-01 2.604840e+01 6.629242e+00 6.329086e+00
3.911010e-03 2.677282e-01 6.827027e+00 4.173707e+00 4.051992e+00
3.910875e-03 5.405453e-01 2.978844e+01 4.747765e+00 4.500938e+00
3.986330e-03 8.489586e-01 1.231727e+02 4.522063e+00 4.191979e+00
5.346840e-03 2.208417e-01 6.850500e+00 2.988521e+00 2.899172e+00
5.371729e-03 4.913453e-01 3.226958e+01 3.352477e+00 3.152469e+00
5.501089e-03 7.756398e-01 1.328054e+02 3.133586e+00 2.859447e+00
7.335826e-03 1.928852e-01 6.878522e+00 2.099447e+00 2.029365e+00
7.384595e-03 4.470363e-01 3.527729e+01 2.353552e+00 2.190394e+00
7.470851e-03 7.199806e-01 1.469208e+02 2.197545e+00 1.966742e+00
1.008922e-02 1.477704e-01 6.878916e+00 1.491835e+00 1.442259e+00
1.011444e-02 4.016885e-01 3.775167e+01 1.654167e+00 1.521645e+00
1.025663e-02 6.751499e-01 1.638469e+02 1.510149e+00 1.315922e+00
1.376559e-02 1.243909e-01 6.955981e+00 1.055253e+00 1.016235e+00
1.383835e-02 3.551166e-01 4.024345e+01 1.161361e+00 1.054819e+00
1.404554e-02 6.312192e-01 1.862004e+02 1.038400e+00 8.754393e-01
1.895590e-02 9.663401e-02 6.866547e+00 7.391397e-01 7.101179e-01
1.903058e-02 3.095750e-01 4.254863e+01 8.075078e-01 7.232630e-01
1.921242e-02 5.969766e-01 2.072214e+02 7.092690e-01 5.726618e-01
2.578899e-02 7.751849e-02 7.340459e+00 5.291867e-01 5.065877e-01
2.612258e-02 2.627642e-01 4.352833e+01 5.608617e-01 4.962220e-01
2.638087e-02 5.605240e-01 2.336235e+02 4.820353e-01 3.696474e-01
3.517540e-02 6.874619e-02 8.270418e+00 3.755526e-01 3.566525e-01
3.588795e-02 2.239056e-01 4.518726e+01 3.855743e-01 3.364536e-01
3.618952e-02 5.163996e-01 2.574172e+02 3.279760e-01 2.381058e-01
3.724087e-02 8.087535e-01 1.191516e+03 2.264719e-01 1.385269e-01
4.531379e-02 5.322961e-02 9.279567e+00 2.844078e-01 2.697687e-01
4.925801e-02 1.827479e-01 4.626095e+01 2.645223e-01 2.289766e-01
4.958845e-02 4.665144e-01 2.817890e+02 2.231944e-01 1.536941e-01
5.077002e-02 7.711253e-01 1.285006e+03 1.505952e-01 8.122282e-02
6.738666e-02 1.522743e-01 4.894590e+01 1.805886e-01 1.548011e-01
6.787670e-02 4.165962e-01 3.063590e+02 1.514176e-01 9.935702e-02
6.872649e-02 7.063204e-01 1.366200e+03 1.020836e-01 4.908310e-02
9.251350e-02 1.278588e-01 5.303235e+01 1.215916e-01 1.032076e-01
9.304421e-02 3.658467e-01 3.260455e+02 1.018030e-01 6.437305e-02
9.386243e-02 6.534210e-01 1.517694e+03 6.654730e-02 2.811409e-02
1.268457e-01 1.047267e-01 5.729984e+01 8.106945e-02 6.863696e-02
1.277483e-01 3.122300e-01 3.447322e+02 6.729787e-02 4.202827e-02
1.285934e-01 5.931390e-01 1.621003e+03 4.307126e-02 1.640261e-02
1.740029e-01 8.890271e-02 6.299167e+01 5.216738e-02 4.411203e-02
1.755455e-01 2.617614e-01 3.587092e+02 4.273097e-02 2.699091e-02
1.766850e-01 5.288390e-01 1.757651e+03 2.636691e-02 9.502000e-03
2.381313e-01 7.506938e-02 7.043366e+01 3.125183e-02 2.665418e-02
2.408466e-01 2.160596e-01 3.726735e+02 2.498568e-02 1.635279e-02
2.422378e-01 4.515141e-01 1.851933e+03 1.496341e-02 5.642950e-03
3.228858e-01 6.479247e-02 7.933790e+01 1.663451e-02 1.442732e-02
3.288835e-01 1.769081e-01 3.822787e+02 1.268287e-02 8.789028e-03
3.305917e-01 3.915435e-01 1.961999e+03 7.216325e-03 2.958649e-03
3.576587e-01 7.938961e-01 1.154394e+04 1.101305e-03 9.746111e-05
4.258408e-01 5.576281e-02 8.964532e+01 7.662769e-03 6.784491e-03
4.441611e-01 1.463306e-01 3.894080e+02 5.093060e-03 3.751900e-03
4.457183e-01 3.373193e-01 2.058432e+03 2.710196e-03 1.268547e-03
5.969901e-01 1.243162e-01 4.062388e+02 1.200949e-03 9.142500e-04
6.014797e-01 2.955412e-01 2.145801e+03 5.626123e-04 2.941344e-04
