Experiment = FASERv2FCC | seed 2 | Neutrino = -14 | Exp. Target density (nucleons / cm3) = 10^(25.1) | Exp. Target Length = 660.0 cm | Total Events = 6780964.3 |        del_theta = 0.06 mrad, theta_max = 50.0 mrad |        del_Elepton = 30.0 % , Elepton_min = 100.00 GeV, Elepton_max = 100000.00 GeV|        del_Ehadron = 30.0 %, Ehadron_min = 100.00 GeV GeV, Ehadron_max = 100000.00 GeV
x_lower         x_upper         x_avg          Q2_lower[GeV^2]      Q2_upper[GeV^2]      Q2_avg[GeV^2]       E_nu_lower[GeV]      E_nu_upper[GeV]      E_nu_avg[GeV]       d^sigma/dxdQ2(x_avg,Q2_avg,Enu_avg) pb / GeV^2         N_events        N_events_errs = Sqrt[N_events]     N_sys_errs          Fractional_error_theta    Fractional_error_Elepton Fractional_error_Ehadron MC_Samples 
1.000000e-04    1.373824e-04    nan            4.000000e+00         1.000000e+01         nan                 1.133635e+01         4.000000e+04         nan                 nan                                                    0.000000e+00    nan                                nan                 nan                       nan                      nan                      nan 
1.000000e-04    1.373824e-04    nan            1.000000e+01         1.000000e+02         nan                 1.133635e+01         4.000000e+04         nan                 nan                                                    0.000000e+00    nan                                nan                 nan                       nan                      nan                      nan 
1.000000e-04    1.373824e-04    nan            1.000000e+02         1.000000e+03         nan                 1.133635e+01         4.000000e+04         nan                 nan                                                    0.000000e+00    nan                                nan                 nan                       nan                      nan                      nan 
1.000000e-04    1.373824e-04    nan            1.000000e+03         1.000000e+04         nan                 1.133635e+01         4.000000e+04         nan                 nan                                                    0.000000e+00    nan                                nan                 nan                       nan                      nan                      nan 
1.000000e-04    1.373824e-04    nan            1.000000e+04         1.000000e+05         nan                 1.133635e+01         4.000000e+04         nan                 nan                                                    0.000000e+00    nan                                nan                 nan                       nan                      nan                      nan 
1.373824e-04    1.887392e-04    1.723009e-04   4.000000e+00         1.000000e+01         5.629017e+00        1.133635e+01         4.000000e+04         1.973588e+04        3.779662e+01                                           8.594422e+01    9.270610e+00                       110.295             0.266667                  0.833333                 0.2                      4.204300e+04 
1.373824e-04    1.887392e-04    nan            1.000000e+01         1.000000e+02         nan                 1.133635e+01         4.000000e+04         nan                 nan                                                    0.000000e+00    nan                                nan                 nan                       nan                      nan                      nan 
1.373824e-04    1.887392e-04    nan            1.000000e+02         1.000000e+03         nan                 1.133635e+01         4.000000e+04         nan                 nan                                                    0.000000e+00    nan                                nan                 nan                       nan                      nan                      nan 
1.373824e-04    1.887392e-04    nan            1.000000e+03         1.000000e+04         nan                 1.133635e+01         4.000000e+04         nan                 nan                                                    0.000000e+00    nan                                nan                 nan                       nan                      nan                      nan 
1.373824e-04    1.887392e-04    nan            1.000000e+04         1.000000e+05         nan                 1.133635e+01         4.000000e+04         nan                 nan                                                    0.000000e+00    nan                                nan                 nan                       nan                      nan                      nan 
1.887392e-04    2.592944e-04    2.319100e-04   4.000000e+00         1.000000e+01         5.408390e+00        1.133635e+01         4.000000e+04         1.622989e+04        2.728130e+01                                           3.136956e+02    1.771145e+01                       40.5509             0.168293                  0.0756098                0.214634                 5.809300e+04 
1.887392e-04    2.592944e-04    nan            1.000000e+01         1.000000e+02         nan                 1.133635e+01         4.000000e+04         nan                 nan                                                    0.000000e+00    nan                                nan                 nan                       nan                      nan                      nan 
1.887392e-04    2.592944e-04    nan            1.000000e+02         1.000000e+03         nan                 1.133635e+01         4.000000e+04         nan                 nan                                                    0.000000e+00    nan                                nan                 nan                       nan                      nan                      nan 
1.887392e-04    2.592944e-04    nan            1.000000e+03         1.000000e+04         nan                 1.133635e+01         4.000000e+04         nan                 nan                                                    0.000000e+00    nan                                nan                 nan                       nan                      nan                      nan 
1.887392e-04    2.592944e-04    nan            1.000000e+04         1.000000e+05         nan                 1.133635e+01         4.000000e+04         nan                 nan                                                    0.000000e+00    nan                                nan                 nan                       nan                      nan                      nan 
2.592944e-04    3.562248e-04    3.090583e-04   4.000000e+00         1.000000e+01         5.809691e+00        1.133635e+01         4.000000e+04         1.355529e+04        2.001261e+01                                           8.505512e+02    2.916421e+01                       197.392             0.0735849                 0.198113                 0.169811                 6.941200e+04 
2.592944e-04    3.562248e-04    3.325277e-04   1.000000e+01         1.000000e+02         1.123227e+01        1.133635e+01         4.000000e+04         2.305999e+04        2.575852e+01                                           6.339015e+01    7.961793e+00                       107.763             0.38                      0.8                      0.98                     4.135000e+03 
2.592944e-04    3.562248e-04    nan            1.000000e+02         1.000000e+03         nan                 1.133635e+01         4.000000e+04         nan                 nan                                                    0.000000e+00    nan                                nan                 nan                       nan                      nan                      nan 
2.592944e-04    3.562248e-04    nan            1.000000e+03         1.000000e+04         nan                 1.133635e+01         4.000000e+04         nan                 nan                                                    0.000000e+00    nan                                nan                 nan                       nan                      nan                      nan 
2.592944e-04    3.562248e-04    nan            1.000000e+04         1.000000e+05         nan                 1.133635e+01         4.000000e+04         nan                 nan                                                    0.000000e+00    nan                                nan                 nan                       nan                      nan                      nan 
3.562248e-04    4.893901e-04    4.256800e-04   4.000000e+00         1.000000e+01         6.128913e+00        1.133635e+01         4.000000e+04         1.175984e+04        1.509814e+01                                           1.825856e+03    4.273003e+01                       150.282             0.137308                  0.0996154                0.175                    7.768600e+04 
3.562248e-04    4.893901e-04    4.244824e-04   1.000000e+01         1.000000e+02         1.313671e+01        1.133635e+01         4.000000e+04         1.991220e+04        2.079588e+01                                           3.451940e+02    1.857940e+01                       52.7561             0.139623                  0.179245                 0.175472                 8.257000e+03 
3.562248e-04    4.893901e-04    nan            1.000000e+02         1.000000e+03         nan                 1.133635e+01         4.000000e+04         nan                 nan                                                    0.000000e+00    nan                                nan                 nan                       nan                      nan                      nan 
3.562248e-04    4.893901e-04    nan            1.000000e+03         1.000000e+04         nan                 1.133635e+01         4.000000e+04         nan                 nan                                                    0.000000e+00    nan                                nan                 nan                       nan                      nan                      nan 
3.562248e-04    4.893901e-04    nan            1.000000e+04         1.000000e+05         nan                 1.133635e+01         4.000000e+04         nan                 nan                                                    0.000000e+00    nan                                nan                 nan                       nan                      nan                      nan 
4.893901e-04    6.723358e-04    5.841991e-04   4.000000e+00         1.000000e+01         6.247504e+00        1.133635e+01         4.000000e+04         9.572162e+03        1.087829e+01                                           3.412174e+03    5.841382e+01                       284.705             0.0719078                 0.146751                 0.137945                 8.397800e+04 
4.893901e-04    6.723358e-04    5.985550e-04   1.000000e+01         1.000000e+02         1.441310e+01        1.133635e+01         4.000000e+04         1.647849e+04        1.448239e+01                                           1.267257e+03    3.559856e+01                       335.085             0.0478528                 0.152147                 0.0509202                1.414400e+04 
4.893901e-04    6.723358e-04    nan            1.000000e+02         1.000000e+03         nan                 1.133635e+01         4.000000e+04         nan                 nan                                                    0.000000e+00    nan                                nan                 nan                       nan                      nan                      nan 
4.893901e-04    6.723358e-04    nan            1.000000e+03         1.000000e+04         nan                 1.133635e+01         4.000000e+04         nan                 nan                                                    0.000000e+00    nan                                nan                 nan                       nan                      nan                      nan 
4.893901e-04    6.723358e-04    nan            1.000000e+04         1.000000e+05         nan                 1.133635e+01         4.000000e+04         nan                 nan                                                    0.000000e+00    nan                                nan                 nan                       nan                      nan                      nan 
6.723358e-04    9.236709e-04    7.975826e-04   4.000000e+00         1.000000e+01         6.363025e+00        1.133635e+01         4.000000e+04         7.760502e+03        7.724708e+00                                           5.921742e+03    7.695285e+01                       618.414             0.0764072                 0.161078                 0.111976                 8.786400e+04 
6.723358e-04    9.236709e-04    8.128003e-04   1.000000e+01         1.000000e+02         1.552299e+01        1.133635e+01         4.000000e+04         1.415075e+04        1.047999e+01                                           3.287637e+03    5.733792e+01                       494.239             0.0454545                 0.106874                 0.024612                 2.290800e+04 
6.723358e-04    9.236709e-04    nan            1.000000e+02         1.000000e+03         nan                 1.133635e+01         4.000000e+04         nan                 nan                                                    0.000000e+00    nan                                nan                 nan                       nan                      nan                      nan 
6.723358e-04    9.236709e-04    nan            1.000000e+03         1.000000e+04         nan                 1.133635e+01         4.000000e+04         nan                 nan                                                    0.000000e+00    nan                                nan                 nan                       nan                      nan                      nan 
6.723358e-04    9.236709e-04    nan            1.000000e+04         1.000000e+05         nan                 1.133635e+01         4.000000e+04         nan                 nan                                                    0.000000e+00    nan                                nan                 nan                       nan                      nan                      nan 
9.236709e-04    1.268961e-03    1.104461e-03   4.000000e+00         1.000000e+01         6.544543e+00        1.133635e+01         4.000000e+04         6.436835e+03        5.401258e+00                                           9.495553e+03    9.744513e+01                       686.536             0.0658972                 0.162993                 0.113179                 9.120800e+04 
9.236709e-04    1.268961e-03    1.110083e-03   1.000000e+01         1.000000e+02         1.743702e+01        1.133635e+01         4.000000e+04         1.245044e+04        7.453631e+00                                           7.396757e+03    8.600440e+01                       1205.4              0.0230453                 0.178909                 0.0365226                3.538500e+04 
9.236709e-04    1.268961e-03    nan            1.000000e+02         1.000000e+03         nan                 1.133635e+01         4.000000e+04         nan                 nan                                                    0.000000e+00    nan                                nan                 nan                       nan                      nan                      nan 
9.236709e-04    1.268961e-03    nan            1.000000e+03         1.000000e+04         nan                 1.133635e+01         4.000000e+04         nan                 nan                                                    0.000000e+00    nan                                nan                 nan                       nan                      nan                      nan 
9.236709e-04    1.268961e-03    nan            1.000000e+04         1.000000e+05         nan                 1.133635e+01         4.000000e+04         nan                 nan                                                    0.000000e+00    nan                                nan                 nan                       nan                      nan                      nan 
1.268961e-03    1.743329e-03    1.509236e-03   4.000000e+00         1.000000e+01         6.586079e+00        1.133635e+01         4.000000e+04         5.447326e+03        3.754796e+00                                           1.365053e+04    1.168355e+02                       1230.99             0.0682864                 0.146445                 0.0947315                9.356500e+04 
1.268961e-03    1.743329e-03    1.517839e-03   1.000000e+01         1.000000e+02         2.039369e+01        1.133635e+01         4.000000e+04         1.095654e+04        5.180154e+00                                           1.528687e+04    1.236401e+02                       2534.77             0.0181727                 0.185241                 0.00883534               5.077700e+04 
1.268961e-03    1.743329e-03    nan            1.000000e+02         1.000000e+03         nan                 1.133635e+01         4.000000e+04         nan                 nan                                                    0.000000e+00    nan                                nan                 nan                       nan                      nan                      nan 
1.268961e-03    1.743329e-03    nan            1.000000e+03         1.000000e+04         nan                 1.133635e+01         4.000000e+04         nan                 nan                                                    0.000000e+00    nan                                nan                 nan                       nan                      nan                      nan 
1.268961e-03    1.743329e-03    nan            1.000000e+04         1.000000e+05         nan                 1.133635e+01         4.000000e+04         nan                 nan                                                    0.000000e+00    nan                                nan                 nan                       nan                      nan                      nan 
1.743329e-03    2.395027e-03    2.063311e-03   4.000000e+00         1.000000e+01         6.699037e+00        1.133635e+01         4.000000e+04         4.414622e+03        2.650976e+00                                           1.839458e+04    1.356266e+02                       1957.54             0.0477958                 0.170108                 0.0724285                9.526000e+04 
1.743329e-03    2.395027e-03    2.083914e-03   1.000000e+01         1.000000e+02         2.354782e+01        1.133635e+01         4.000000e+04         9.670204e+03        3.689199e+00                                           2.858178e+04    1.690615e+02                       2899.93             0.0169144                 0.126961                 0.0305484                6.401600e+04 
1.743329e-03    2.395027e-03    2.230175e-03   1.000000e+02         1.000000e+03         1.118228e+02        1.133635e+01         4.000000e+04         2.896060e+04        4.022811e+00                                           2.512097e+01    5.012082e+00                       45.7202             0.16                      0.28                     1.56                     1.127000e+03 
1.743329e-03    2.395027e-03    nan            1.000000e+03         1.000000e+04         nan                 1.133635e+01         4.000000e+04         nan                 nan                                                    0.000000e+00    nan                                nan                 nan                       nan                      nan                      nan 
1.743329e-03    2.395027e-03    nan            1.000000e+04         1.000000e+05         nan                 1.133635e+01         4.000000e+04         nan                 nan                                                    0.000000e+00    nan                                nan                 nan                       nan                      nan                      nan 
2.395027e-03    3.290345e-03    2.825629e-03   4.000000e+00         1.000000e+01         6.799368e+00        1.133635e+01         4.000000e+04         3.946465e+03        1.912807e+00                                           2.349010e+04    1.532648e+02                       3788.15             0.0412272                 0.186098                 0.0457015                9.653300e+04 
2.395027e-03    3.290345e-03    2.854958e-03   1.000000e+01         1.000000e+02         2.715498e+01        1.133635e+01         4.000000e+04         8.532739e+03        2.668755e+00                                           4.992079e+04    2.234296e+02                       4875.31             0.00820918                0.13376                  0.0231377                7.389400e+04 
2.395027e-03    3.290345e-03    2.993423e-03   1.000000e+02         1.000000e+03         1.142842e+02        1.133635e+01         4.000000e+04         2.340587e+04        2.837255e+00                                           3.638984e+02    1.907612e+01                       616.606             0.238889                  0.480556                 1.20833                  3.317000e+03 
2.395027e-03    3.290345e-03    nan            1.000000e+03         1.000000e+04         nan                 1.133635e+01         4.000000e+04         nan                 nan                                                    0.000000e+00    nan                                nan                 nan                       nan                      nan                      nan 
2.395027e-03    3.290345e-03    nan            1.000000e+04         1.000000e+05         nan                 1.133635e+01         4.000000e+04         nan                 nan                                                    0.000000e+00    nan                                nan                 nan                       nan                      nan                      nan 
3.290345e-03    4.520354e-03    3.903459e-03   4.000000e+00         1.000000e+01         6.868048e+00        1.133635e+01         4.000000e+04         3.303621e+03        1.303956e+00                                           2.828661e+04    1.681862e+02                       2627.23             0.0368852                 0.132838                 0.0558658                9.744200e+04 
3.290345e-03    4.520354e-03    3.913714e-03   1.000000e+01         1.000000e+02         3.032869e+01        1.133635e+01         4.000000e+04         7.472297e+03        1.880986e+00                                           7.981425e+04    2.825142e+02                       4019.91             0.0107006                 0.0947503                0.0377538                8.091400e+04 
3.290345e-03    4.520354e-03    4.015309e-03   1.000000e+02         1.000000e+03         1.245095e+02        1.133635e+01         4.000000e+04         1.994087e+04        2.017108e+00                                           2.336889e+03    4.834138e+01                       437.755             0.0521127                 0.0802817                0.201972                 7.011000e+03 
3.290345e-03    4.520354e-03    nan            1.000000e+03         1.000000e+04         nan                 1.133635e+01         4.000000e+04         nan                 nan                                                    0.000000e+00    nan                                nan                 nan                       nan                      nan                      nan 
3.290345e-03    4.520354e-03    nan            1.000000e+04         1.000000e+05         nan                 1.133635e+01         4.000000e+04         nan                 nan                                                    0.000000e+00    nan                                nan                 nan                       nan                      nan                      nan 
4.520354e-03    6.210169e-03    5.344293e-03   4.000000e+00         1.000000e+01         6.934249e+00        1.133635e+01         4.000000e+04         3.032132e+03        8.897202e-01                                           3.209123e+04    1.791403e+02                       2803.78             0.0469592                 0.101626                 0.0436623                9.807900e+04 
4.520354e-03    6.210169e-03    5.380256e-03   1.000000e+01         1.000000e+02         3.337070e+01        1.133635e+01         4.000000e+04         6.497867e+03        1.288134e+00                                           1.170524e+05    3.421291e+02                       5003.02             0.00450789                0.0868093                0.0354958                8.606800e+04 
4.520354e-03    6.210169e-03    5.487826e-03   1.000000e+02         1.000000e+03         1.329911e+02        1.133635e+01         4.000000e+04         1.674944e+04        1.359327e+00                                           7.967918e+03    8.926320e+01                       1532.41             0.0163981                 0.076872                 0.141611                 1.262500e+04 
4.520354e-03    6.210169e-03    nan            1.000000e+03         1.000000e+04         nan                 1.133635e+01         4.000000e+04         nan                 nan                                                    0.000000e+00    nan                                nan                 nan                       nan                      nan                      nan 
4.520354e-03    6.210169e-03    nan            1.000000e+04         1.000000e+05         nan                 1.133635e+01         4.000000e+04         nan                 nan                                                    0.000000e+00    nan                                nan                 nan                       nan                      nan                      nan 
6.210169e-03    8.531679e-03    7.332854e-03   4.000000e+00         1.000000e+01         6.934666e+00        1.133635e+01         4.000000e+04         2.510167e+03        5.768374e-01                                           3.502906e+04    1.871605e+02                       3292.06             0.0245596                 0.105852                 0.0139262                9.851000e+04 
6.210169e-03    8.531679e-03    7.369888e-03   1.000000e+01         1.000000e+02         3.623612e+01        1.133635e+01         4.000000e+04         5.639546e+03        8.611134e-01                                           1.655631e+05    4.068944e+02                       5944.22             0.00444037                0.0770335                0.0276975                8.985500e+04 
6.210169e-03    8.531679e-03    7.468666e-03   1.000000e+02         1.000000e+03         1.481382e+02        1.133635e+01         4.000000e+04         1.448737e+04        8.937180e-01                                           2.156803e+04    1.468606e+02                       1154.2              0.0137439                 0.0166319                0.0296451                2.048500e+04 
6.210169e-03    8.531679e-03    nan            1.000000e+03         1.000000e+04         nan                 1.133635e+01         4.000000e+04         nan                 nan                                                    0.000000e+00    nan                                nan                 nan                       nan                      nan                      nan 
6.210169e-03    8.531679e-03    nan            1.000000e+04         1.000000e+05         nan                 1.133635e+01         4.000000e+04         nan                 nan                                                    0.000000e+00    nan                                nan                 nan                       nan                      nan                      nan 
8.531679e-03    1.172102e-02    1.005024e-02   4.000000e+00         1.000000e+01         6.974917e+00        1.133635e+01         4.000000e+04         2.385091e+03        3.711729e-01                                           3.697971e+04    1.923011e+02                       2923.27             0.028404                  0.0682222                0.00743434               9.883500e+04 
8.531679e-03    1.172102e-02    1.009862e-02   1.000000e+01         1.000000e+02         3.934763e+01        1.133635e+01         4.000000e+04         4.874745e+03        5.592336e-01                                           2.134862e+05    4.620457e+02                       637.487             0.00527451                0.0391662                0.0351185                9.255900e+04 
8.531679e-03    1.172102e-02    1.022728e-02   1.000000e+02         1.000000e+03         1.659643e+02        1.133635e+01         4.000000e+04         1.257625e+04        5.697322e-01                                           4.609649e+04    2.147009e+02                       2164.14             0.0062394                 0.0250424                0.0270092                3.138300e+04 
8.531679e-03    1.172102e-02    nan            1.000000e+03         1.000000e+04         nan                 1.133635e+01         4.000000e+04         nan                 nan                                                    0.000000e+00    nan                                nan                 nan                       nan                      nan                      nan 
8.531679e-03    1.172102e-02    nan            1.000000e+04         1.000000e+05         nan                 1.133635e+01         4.000000e+04         nan                 nan                                                    0.000000e+00    nan                                nan                 nan                       nan                      nan                      nan 
1.172102e-02    1.610262e-02    1.376897e-02   4.000000e+00         1.000000e+01         7.046974e+00        1.133635e+01         4.000000e+04         2.101858e+03        2.483839e-01                                           3.648106e+04    1.910002e+02                       715.287             0.0293114                 0.013971                 0.010637                 9.912700e+04 
1.172102e-02    1.610262e-02    1.381645e-02   1.000000e+01         1.000000e+02         4.214606e+01        1.133635e+01         4.000000e+04         4.251274e+03        3.826004e-01                                           2.606533e+05    5.105421e+02                       2096.15             0.0032928                 0.0287519                0.0296073                9.442300e+04 
1.172102e-02    1.610262e-02    1.400851e-02   1.000000e+02         1.000000e+03         1.861117e+02        1.133635e+01         4.000000e+04         1.092070e+04        3.688817e-01                                           8.513571e+04    2.917802e+02                       881.189             0.00409704                0.0181491                0.00601977               4.696100e+04 
1.172102e-02    1.610262e-02    nan            1.000000e+03         1.000000e+04         nan                 1.133635e+01         4.000000e+04         nan                 nan                                                    0.000000e+00    nan                                nan                 nan                       nan                      nan                      nan 
1.172102e-02    1.610262e-02    nan            1.000000e+04         1.000000e+05         nan                 1.133635e+01         4.000000e+04         nan                 nan                                                    0.000000e+00    nan                                nan                 nan                       nan                      nan                      nan 
1.610262e-02    2.212216e-02    1.889341e-02   4.000000e+00         1.000000e+01         7.012483e+00        1.133635e+01         4.000000e+04         1.978097e+03        1.594842e-01                                           3.575986e+04    1.891028e+02                       871.841             0.0271341                 0.0167337                0.0155052                9.917600e+04 
1.610262e-02    2.212216e-02    1.897176e-02   1.000000e+01         1.000000e+02         4.448182e+01        1.133635e+01         4.000000e+04         3.705787e+03        2.511720e-01                                           3.021880e+05    5.497163e+02                       8192.62             0.00174004                0.00361431               0.0281506                9.593600e+04 
1.610262e-02    2.212216e-02    1.916805e-02   1.000000e+02         1.000000e+03         2.089974e+02        1.133635e+01         4.000000e+04         9.455395e+03        2.352522e-01                                           1.412540e+05    3.758377e+02                       5536.23             0.0045846                 0.0187613                0.0225723                6.101600e+04 
1.610262e-02    2.212216e-02    2.053792e-02   1.000000e+03         1.000000e+04         1.213774e+03        1.133635e+01         4.000000e+04         3.327014e+04        1.530773e-01                                           3.137730e+01    5.601545e+00                       724.816             1.0                       1.5                      22.5                     7.110000e+02 
1.610262e-02    2.212216e-02    nan            1.000000e+04         1.000000e+05         nan                 1.133635e+01         4.000000e+04         nan                 nan                                                    0.000000e+00    nan                                nan                 nan                       nan                      nan                      nan 
2.212216e-02    3.039195e-02    2.573789e-02   4.000000e+00         1.000000e+01         7.429300e+00        1.133635e+01         4.000000e+04         1.805811e+03        1.009124e-01                                           2.790493e+04    1.670477e+02                       3094.12             0.0162694                 0.0512694                0.0846891                8.398000e+04 
2.212216e-02    3.039195e-02    2.606009e-02   1.000000e+01         1.000000e+02         4.626285e+01        1.133635e+01         4.000000e+04         3.254271e+03        1.571568e-01                                           3.223276e+05    5.677390e+02                       19431.2             0.00465367                0.0378955                0.0333746                9.691500e+04 
2.212216e-02    3.039195e-02    2.632363e-02   1.000000e+02         1.000000e+03         2.387417e+02        1.133635e+01         4.000000e+04         8.281260e+03        1.421142e-01                                           2.208391e+05    4.699352e+02                       18381.7             0.00261356                0.0504115                0.03947                  7.182100e+04 
2.212216e-02    3.039195e-02    2.752788e-02   1.000000e+03         1.000000e+04         1.117618e+03        1.133635e+01         4.000000e+04         2.508190e+04        1.009947e-01                                           6.373200e+02    2.524520e+01                       802.868             0.047561                  0.0682927                1.36463                  2.695000e+03 
2.212216e-02    3.039195e-02    nan            1.000000e+04         1.000000e+05         nan                 1.133635e+01         4.000000e+04         nan                 nan                                                    0.000000e+00    nan                                nan                 nan                       nan                      nan                      nan 
3.039195e-02    4.175319e-02    3.507646e-02   4.000000e+00         1.000000e+01         8.298103e+00        1.133635e+01         4.000000e+04         1.721290e+03        6.210509e-02                                           1.582568e+04    1.258001e+02                       2930.44             0.00825397                0.0370068                0.149887                 5.351200e+04 
3.039195e-02    4.175319e-02    3.580525e-02   1.000000e+01         1.000000e+02         4.794230e+01        1.133635e+01         4.000000e+04         2.852561e+03        9.261580e-02                                           3.228206e+05    5.681730e+02                       21034.1             0.00183814                0.0542352                0.00885668               9.770900e+04 
3.039195e-02    4.175319e-02    3.611190e-02   1.000000e+02         1.000000e+03         2.668875e+02        1.133635e+01         4.000000e+04         7.179954e+03        8.232665e-02                                           3.004641e+05    5.481461e+02                       25402.5             0.00155044                0.0456809                0.0365438                7.941600e+04 
3.039195e-02    4.175319e-02    3.712852e-02   1.000000e+03         1.000000e+04         1.198813e+03        1.133635e+01         4.000000e+04         2.079728e+04        5.899719e-02                                           4.084155e+03    6.390740e+01                       1493.46             0.0145522                 0.0520522                0.472948                 5.981000e+03 
3.039195e-02    4.175319e-02    nan            1.000000e+04         1.000000e+05         nan                 1.133635e+01         4.000000e+04         nan                 nan                                                    0.000000e+00    nan                                nan                 nan                       nan                      nan                      nan 
4.175319e-02    5.736153e-02    4.536333e-02   4.000000e+00         1.000000e+01         9.270181e+00        1.133635e+01         4.000000e+04         1.809756e+03        4.012373e-02                                           3.774655e+03    6.143822e+01                       1306.29             0.0423221                 0.100749                 0.291948                 1.305000e+04 
4.175319e-02    5.736153e-02    4.906314e-02   1.000000e+01         1.000000e+02         4.954649e+01        1.133635e+01         4.000000e+04         2.560276e+03        5.173430e-02                                           2.988398e+05    5.466625e+02                       24969.1             0.00186925                0.0770353                0.00631294               9.823300e+04 
4.175319e-02    5.736153e-02    4.945452e-02   1.000000e+02         1.000000e+03         2.947928e+02        1.133635e+01         4.000000e+04         6.255935e+03        4.534331e-02                                           3.685950e+05    6.071202e+02                       38457.1             0.00133988                0.0658854                0.0419403                8.472300e+04 
4.175319e-02    5.736153e-02    5.058707e-02   1.000000e+03         1.000000e+04         1.289611e+03        1.133635e+01         4.000000e+04         1.734953e+04        3.190519e-02                                           1.290970e+04    1.136209e+02                       1417.77             0.0108558                 0.0569213                0.190752                 1.111300e+04 
4.175319e-02    5.736153e-02    nan            1.000000e+04         1.000000e+05         nan                 1.133635e+01         4.000000e+04         nan                 nan                                                    0.000000e+00    nan                                nan                 nan                       nan                      nan                      nan 
5.736153e-02    7.880463e-02    nan            4.000000e+00         1.000000e+01         nan                 1.133635e+01         4.000000e+04         nan                 nan                                                    0.000000e+00    nan                                nan                 nan                       nan                      nan                      nan 
5.736153e-02    7.880463e-02    6.698472e-02   1.000000e+01         1.000000e+02         5.198231e+01        1.133635e+01         4.000000e+04         2.307081e+03        2.798381e-02                                           2.522010e+05    5.021961e+02                       23486.6             0.00169467                0.0921873                0.00318541               9.569100e+04 
5.736153e-02    7.880463e-02    6.757926e-02   1.000000e+02         1.000000e+03         3.212719e+02        1.133635e+01         4.000000e+04         5.431997e+03        2.381171e-02                                           4.189951e+05    6.472983e+02                       45851.4             0.00216031                0.0717582                0.0311251                8.887100e+04 
5.736153e-02    7.880463e-02    6.855342e-02   1.000000e+03         1.000000e+04         1.391029e+03        1.133635e+01         4.000000e+04         1.467443e+04        1.614174e-02                                           2.983323e+04    1.727230e+02                       1486.14             0.00490752                0.0817756                0.0411837                1.809800e+04 
5.736153e-02    7.880463e-02    nan            1.000000e+04         1.000000e+05         nan                 1.133635e+01         4.000000e+04         nan                 nan                                                    0.000000e+00    nan                                nan                 nan                       nan                      nan                      nan 
7.880463e-02    1.082637e-01    nan            4.000000e+00         1.000000e+01         nan                 1.133635e+01         4.000000e+04         nan                 nan                                                    0.000000e+00    nan                                nan                 nan                       nan                      nan                      nan 
7.880463e-02    1.082637e-01    9.170076e-02   1.000000e+01         1.000000e+02         5.577254e+01        1.133635e+01         4.000000e+04         2.131534e+03        1.567382e-02                                           1.936109e+05    4.400124e+02                       21715.8             0.00176388                0.11961                  0.00528052               9.065700e+04 
7.880463e-02    1.082637e-01    9.243399e-02   1.000000e+02         1.000000e+03         3.489553e+02        1.133635e+01         4.000000e+04         4.727646e+03        1.330818e-02                                           4.333116e+05    6.582641e+02                       54550.9             0.000489271               0.0912866                0.0347917                9.184400e+04 
7.880463e-02    1.082637e-01    9.353167e-02   1.000000e+03         1.000000e+04         1.543655e+03        1.133635e+01         4.000000e+04         1.274357e+04        8.675684e-03                                           4.931692e+04    2.220741e+02                       2064.22             0.00248606                0.0570137                0.0195269                2.874500e+04 
7.880463e-02    1.082637e-01    nan            1.000000e+04         1.000000e+05         nan                 1.133635e+01         4.000000e+04         nan                 nan                                                    0.000000e+00    nan                                nan                 nan                       nan                      nan                      nan 
1.082637e-01    1.487352e-01    nan            4.000000e+00         1.000000e+01         nan                 1.133635e+01         4.000000e+04         nan                 nan                                                    0.000000e+00    nan                                nan                 nan                       nan                      nan                      nan 
1.082637e-01    1.487352e-01    1.257549e-01   1.000000e+01         1.000000e+02         5.967734e+01        1.133635e+01         4.000000e+04         2.006464e+03        8.004674e-03                                           1.394743e+05    3.734626e+02                       18520.2             0.00309617                0.155762                 0.00546781               8.340800e+04 
1.082637e-01    1.487352e-01    1.267897e-01   1.000000e+02         1.000000e+03         3.728317e+02        1.133635e+01         4.000000e+04         4.091652e+03        6.720001e-03                                           4.002147e+05    6.326252e+02                       56054.9             0.000446492               0.115085                 0.0387101                9.402600e+04 
1.082637e-01    1.487352e-01    1.280003e-01   1.000000e+03         1.000000e+04         1.686058e+03        1.133635e+01         4.000000e+04         1.075412e+04        4.207289e-03                                           7.336808e+04    2.708654e+02                       6963.8              0.00149409                0.0832434                0.0251297                4.249200e+04 
1.082637e-01    1.487352e-01    nan            1.000000e+04         1.000000e+05         nan                 1.133635e+01         4.000000e+04         nan                 nan                                                    0.000000e+00    nan                                nan                 nan                       nan                      nan                      nan 
1.487352e-01    2.043360e-01    nan            4.000000e+00         1.000000e+01         nan                 1.133635e+01         4.000000e+04         nan                 nan                                                    0.000000e+00    nan                                nan                 nan                       nan                      nan                      nan 
1.487352e-01    2.043360e-01    1.727433e-01   1.000000e+01         1.000000e+02         6.476681e+01        1.133635e+01         4.000000e+04         1.895394e+03        3.652380e-03                                           8.206546e+04    2.864707e+02                       10021.6             0.00204612                0.161557                 0.0287585                7.352200e+04 
1.487352e-01    2.043360e-01    1.741521e-01   1.000000e+02         1.000000e+03         3.942685e+02        1.133635e+01         4.000000e+04         3.593272e+03        3.001113e-03                                           3.260094e+05    5.709723e+02                       38375.4             0.001437                  0.107887                 0.0251089                9.564100e+04 
1.487352e-01    2.043360e-01    1.756360e-01   1.000000e+03         1.000000e+04         1.862957e+03        1.133635e+01         4.000000e+04         9.216634e+03        1.750335e-03                                           8.056924e+04    2.838472e+02                       7793.55             0.00202191                0.058867                 0.0395297                5.788900e+04 
1.487352e-01    2.043360e-01    1.989580e-01   1.000000e+04         1.000000e+05         1.026509e+04        1.133635e+01         4.000000e+04         2.995005e+04        3.103899e-04                                           1.924302e+00    1.387192e+00                       6.15777             0.0                       1.0                      1.5                      4.720000e+02 
2.043360e-01    2.807216e-01    nan            4.000000e+00         1.000000e+01         nan                 1.133635e+01         4.000000e+04         nan                 nan                                                    0.000000e+00    nan                                nan                 nan                       nan                      nan                      nan 
2.043360e-01    2.807216e-01    2.358235e-01   1.000000e+01         1.000000e+02         7.088233e+01        1.133635e+01         4.000000e+04         1.816695e+03        1.423942e-03                                           3.921660e+04    1.980318e+02                       1089.91             0.00495761                0.10094                  0.102912                 6.021100e+04 
2.043360e-01    2.807216e-01    2.386449e-01   1.000000e+02         1.000000e+03         4.126275e+02        1.133635e+01         4.000000e+04         3.236223e+03        1.119484e-03                                           2.100972e+05    4.583636e+02                       4038.98             0.00284151                0.0353761                0.0332925                9.652800e+04 
2.043360e-01    2.807216e-01    2.403415e-01   1.000000e+03         1.000000e+04         1.999796e+03        1.133635e+01         4.000000e+04         7.925812e+03        6.035002e-04                                           7.330884e+04    2.707560e+02                       2015.52             0.00271664                0.024182                 0.0561273                6.925800e+04 
2.043360e-01    2.807216e-01    2.523231e-01   1.000000e+04         1.000000e+05         1.134475e+04        1.133635e+01         4.000000e+04         2.705350e+04        1.341587e-04                                           4.039997e+01    6.356097e+00                       72.1428             0.0                       0.214286                 1.74286                  2.081000e+03 
2.807216e-01    3.856620e-01    nan            4.000000e+00         1.000000e+01         nan                 1.133635e+01         4.000000e+04         nan                 nan                                                    0.000000e+00    nan                                nan                 nan                       nan                      nan                      nan 
2.807216e-01    3.856620e-01    3.186978e-01   1.000000e+01         1.000000e+02         7.902373e+01        1.133635e+01         4.000000e+04         1.772453e+03        4.289457e-04                                           1.282262e+04    1.132370e+02                       1922.68             0.00791527                0.0421405                0.204013                 4.127900e+04 
2.807216e-01    3.856620e-01    3.239711e-01   1.000000e+02         1.000000e+03         4.173612e+02        1.133635e+01         4.000000e+04         2.998605e+03        3.225580e-04                                           1.080820e+05    3.287583e+02                       25469.9             0.00195112                0.147131                 0.148906                 9.725900e+04 
2.807216e-01    3.856620e-01    3.259150e-01   1.000000e+03         1.000000e+04         2.174711e+03        1.133635e+01         4.000000e+04         6.876605e+03        1.480177e-04                                           4.618854e+04    2.149152e+02                       8656.51             0.00592787                0.259356                 0.0295775                7.721200e+04 
2.807216e-01    3.856620e-01    3.508480e-01   1.000000e+04         1.000000e+05         1.128607e+04        1.133635e+01         4.000000e+04         2.052484e+04        3.024115e-05                                           1.253227e+02    1.119476e+01                       106.854             0.0789474                 0.221053                 0.405263                 4.891000e+03 
3.856620e-01    5.298317e-01    nan            4.000000e+00         1.000000e+01         nan                 1.133635e+01         4.000000e+04         nan                 nan                                                    0.000000e+00    nan                                nan                 nan                       nan                      nan                      nan 
3.856620e-01    5.298317e-01    4.179786e-01   1.000000e+01         1.000000e+02         8.957868e+01        1.133635e+01         4.000000e+04         1.810460e+03        1.867395e-04                                           2.111946e+03    4.595591e+01                       759.752             0.0162338                 0.21039                  0.289286                 1.543000e+04 
3.856620e-01    5.298317e-01    4.330511e-01   1.000000e+02         1.000000e+03         4.243385e+02        1.133635e+01         4.000000e+04         2.877278e+03        1.163757e-04                                           3.972210e+04    1.993040e+02                       33369.8             0.00543558                0.567753                 0.386805                 9.783100e+04 
3.856620e-01    5.298317e-01    4.319982e-01   1.000000e+03         1.000000e+04         2.290093e+03        1.133635e+01         4.000000e+04         6.382700e+03        5.126510e-05                                           2.041889e+04    1.428947e+02                       13963.0             0.004259                  0.726489                 0.00786011               8.305500e+04 
3.856620e-01    5.298317e-01    4.407349e-01   1.000000e+04         1.000000e+05         1.267802e+04        1.133635e+01         4.000000e+04         1.846599e+04        8.265014e-06                                           1.465228e+02    1.210466e+01                       328.211             0.14                      1.71333                  0.18                     9.347000e+03 
5.298317e-01    7.278954e-01    nan            4.000000e+00         1.000000e+01         nan                 1.133635e+01         4.000000e+04         nan                 nan                                                    0.000000e+00    nan                                nan                 nan                       nan                      nan                      nan 
5.298317e-01    7.278954e-01    nan            1.000000e+01         1.000000e+02         nan                 1.133635e+01         4.000000e+04         nan                 nan                                                    0.000000e+00    nan                                nan                 nan                       nan                      nan                      nan 
5.298317e-01    7.278954e-01    6.072866e-01   1.000000e+02         1.000000e+03         4.376139e+02        1.133635e+01         4.000000e+04         2.640012e+03        1.788422e-05                                           1.093883e+04    1.045888e+02                       21805.3             0.00719332                1.24406                  0.743353                 9.611700e+04 
5.298317e-01    7.278954e-01    6.134231e-01   1.000000e+03         1.000000e+04         2.429468e+03        1.133635e+01         4.000000e+04         5.713297e+03        6.892497e-06                                           6.862550e+03    8.284051e+01                       11298.8             0.00593849                1.53818                  0.0850477                8.706300e+04 
5.298317e-01    7.278954e-01    6.322047e-01   1.000000e+04         1.000000e+05         1.380907e+04        1.133635e+01         4.000000e+04         1.666497e+04        1.113838e-06                                           1.124415e+02    1.060385e+01                       125.67              0.00588235                1.3                      0.141176                 1.575400e+04 
7.278954e-01    1.000000e+00    nan            4.000000e+00         1.000000e+01         nan                 1.133635e+01         4.000000e+04         nan                 nan                                                    0.000000e+00    nan                                nan                 nan                       nan                      nan                      nan 
7.278954e-01    1.000000e+00    nan            1.000000e+01         1.000000e+02         nan                 1.133635e+01         4.000000e+04         nan                 nan                                                    0.000000e+00    nan                                nan                 nan                       nan                      nan                      nan 
7.278954e-01    1.000000e+00    7.507919e-01   1.000000e+02         1.000000e+03         4.374144e+02        1.133635e+01         4.000000e+04         2.366860e+03        2.973214e-06                                           5.588094e+02    2.363915e+01                       12440.1             0.0671053                 12.8645                  8.76184                  8.948700e+04 
7.278954e-01    1.000000e+00    7.560736e-01   1.000000e+03         1.000000e+04         2.761420e+03        1.133635e+01         4.000000e+04         4.942677e+03        8.212039e-07                                           4.492799e+02    2.119622e+01                       6378.51             0.0507042                 11.8282                  2.65352                  8.985700e+04 
7.278954e-01    1.000000e+00    7.469375e-01   1.000000e+04         1.000000e+05         2.497053e+04        1.133635e+01         4.000000e+04         2.151724e+04        8.985006e-08                                           1.253945e+01    3.541108e+00                       224.456             0.0                       18.3                     0.6                      2.480100e+04 
