Experiment = FASERv2FCC_deep | seed 2 | Neutrino = 14 | Exp. Target density (nucleons / cm3) = 10^(25.1) | Exp. Target Length = 6600.0 cm | Total Events = 797126632.2 |        del_theta = 0.06 mrad, theta_max = 50.0 mrad |        del_Elepton = 30.0 % , Elepton_min = 100.00 GeV, Elepton_max = 100000.00 GeV|        del_Ehadron = 30.0 %, Ehadron_min = 100.00 GeV GeV, Ehadron_max = 100000.00 GeV
x_lower         x_upper         x_avg          Q2_lower[GeV^2]      Q2_upper[GeV^2]      Q2_avg[GeV^2]       E_nu_lower[GeV]      E_nu_upper[GeV]      E_nu_avg[GeV]       d^sigma/dxdQ2(x_avg,Q2_avg,Enu_avg) pb / GeV^2         N_events        N_events_errs = Sqrt[N_events]     N_sys_errs          Fractional_error_theta    Fractional_error_Elepton Fractional_error_Ehadron MC_Samples 
1.000000e-04    1.373824e-04    nan            4.000000e+00         1.000000e+01         nan                 1.133635e+01         4.000000e+04         nan                 nan                                                    0.000000e+00    nan                                nan                 nan                       nan                      nan                      nan 
1.000000e-04    1.373824e-04    nan            1.000000e+01         1.000000e+02         nan                 1.133635e+01         4.000000e+04         nan                 nan                                                    0.000000e+00    nan                                nan                 nan                       nan                      nan                      nan 
1.000000e-04    1.373824e-04    nan            1.000000e+02         1.000000e+03         nan                 1.133635e+01         4.000000e+04         nan                 nan                                                    0.000000e+00    nan                                nan                 nan                       nan                      nan                      nan 
1.000000e-04    1.373824e-04    nan            1.000000e+03         1.000000e+04         nan                 1.133635e+01         4.000000e+04         nan                 nan                                                    0.000000e+00    nan                                nan                 nan                       nan                      nan                      nan 
1.000000e-04    1.373824e-04    nan            1.000000e+04         1.000000e+05         nan                 1.133635e+01         4.000000e+04         nan                 nan                                                    0.000000e+00    nan                                nan                 nan                       nan                      nan                      nan 
1.373824e-04    1.887392e-04    1.666477e-04   4.000000e+00         1.000000e+01         5.356642e+00        1.133635e+01         4.000000e+04         1.934855e+04        9.810087e+01                                           4.361351e+03    6.604053e+01                       2035.3              0.566667                  0.333333                 0.266667                 4.198000e+03 
1.373824e-04    1.887392e-04    nan            1.000000e+01         1.000000e+02         nan                 1.133635e+01         4.000000e+04         nan                 nan                                                    0.000000e+00    nan                                nan                 nan                       nan                      nan                      nan 
1.373824e-04    1.887392e-04    nan            1.000000e+02         1.000000e+03         nan                 1.133635e+01         4.000000e+04         nan                 nan                                                    0.000000e+00    nan                                nan                 nan                       nan                      nan                      nan 
1.373824e-04    1.887392e-04    nan            1.000000e+03         1.000000e+04         nan                 1.133635e+01         4.000000e+04         nan                 nan                                                    0.000000e+00    nan                                nan                 nan                       nan                      nan                      nan 
1.373824e-04    1.887392e-04    nan            1.000000e+04         1.000000e+05         nan                 1.133635e+01         4.000000e+04         nan                 nan                                                    0.000000e+00    nan                                nan                 nan                       nan                      nan                      nan 
1.887392e-04    2.592944e-04    2.294916e-04   4.000000e+00         1.000000e+01         5.082935e+00        1.133635e+01         4.000000e+04         1.627211e+04        7.116726e+01                                           1.463642e+04    1.209811e+02                       5987.63             0.190909                  0.272727                 0.272727                 5.831000e+03 
1.887392e-04    2.592944e-04    nan            1.000000e+01         1.000000e+02         nan                 1.133635e+01         4.000000e+04         nan                 nan                                                    0.000000e+00    nan                                nan                 nan                       nan                      nan                      nan 
1.887392e-04    2.592944e-04    nan            1.000000e+02         1.000000e+03         nan                 1.133635e+01         4.000000e+04         nan                 nan                                                    0.000000e+00    nan                                nan                 nan                       nan                      nan                      nan 
1.887392e-04    2.592944e-04    nan            1.000000e+03         1.000000e+04         nan                 1.133635e+01         4.000000e+04         nan                 nan                                                    0.000000e+00    nan                                nan                 nan                       nan                      nan                      nan 
1.887392e-04    2.592944e-04    nan            1.000000e+04         1.000000e+05         nan                 1.133635e+01         4.000000e+04         nan                 nan                                                    0.000000e+00    nan                                nan                 nan                       nan                      nan                      nan 
2.592944e-04    3.562248e-04    3.101445e-04   4.000000e+00         1.000000e+01         5.511458e+00        1.133635e+01         4.000000e+04         1.319985e+04        5.084195e+01                                           3.808460e+04    1.951528e+02                       3417.85             0.0871795                 0.125641                 0.202564                 6.837000e+03 
2.592944e-04    3.562248e-04    nan            1.000000e+01         1.000000e+02         nan                 1.133635e+01         4.000000e+04         nan                 nan                                                    0.000000e+00    nan                                nan                 nan                       nan                      nan                      nan 
2.592944e-04    3.562248e-04    nan            1.000000e+02         1.000000e+03         nan                 1.133635e+01         4.000000e+04         nan                 nan                                                    0.000000e+00    nan                                nan                 nan                       nan                      nan                      nan 
2.592944e-04    3.562248e-04    nan            1.000000e+03         1.000000e+04         nan                 1.133635e+01         4.000000e+04         nan                 nan                                                    0.000000e+00    nan                                nan                 nan                       nan                      nan                      nan 
2.592944e-04    3.562248e-04    nan            1.000000e+04         1.000000e+05         nan                 1.133635e+01         4.000000e+04         nan                 nan                                                    0.000000e+00    nan                                nan                 nan                       nan                      nan                      nan 
3.562248e-04    4.893901e-04    4.292922e-04   4.000000e+00         1.000000e+01         6.193987e+00        1.133635e+01         4.000000e+04         1.254130e+04        3.977428e+01                                           7.704506e+04    2.775699e+02                       4840.01             0.161538                  0.10641                  0.138462                 7.740000e+03 
3.562248e-04    4.893901e-04    4.301902e-04   1.000000e+01         1.000000e+02         1.384003e+01        1.133635e+01         4.000000e+04         2.199468e+04        4.883841e+01                                           1.808784e+04    1.344910e+02                       3858.74             0.106667                  0.166667                 0.273333                 8.430000e+02 
3.562248e-04    4.893901e-04    nan            1.000000e+02         1.000000e+03         nan                 1.133635e+01         4.000000e+04         nan                 nan                                                    0.000000e+00    nan                                nan                 nan                       nan                      nan                      nan 
3.562248e-04    4.893901e-04    nan            1.000000e+03         1.000000e+04         nan                 1.133635e+01         4.000000e+04         nan                 nan                                                    0.000000e+00    nan                                nan                 nan                       nan                      nan                      nan 
3.562248e-04    4.893901e-04    nan            1.000000e+04         1.000000e+05         nan                 1.133635e+01         4.000000e+04         nan                 nan                                                    0.000000e+00    nan                                nan                 nan                       nan                      nan                      nan 
4.893901e-04    6.723358e-04    5.806481e-04   4.000000e+00         1.000000e+01         6.287421e+00        1.133635e+01         4.000000e+04         1.010063e+04        2.915290e+01                                           1.441582e+05    3.796817e+02                       9032.7              0.129114                  0.0753165                0.13481                  8.399000e+03 
4.893901e-04    6.723358e-04    5.917524e-04   1.000000e+01         1.000000e+02         1.447369e+01        1.133635e+01         4.000000e+04         1.639836e+04        3.353703e+01                                           5.434235e+04    2.331145e+02                       12360.2             0.105882                  0.178431                 0.115686                 1.499000e+03 
4.893901e-04    6.723358e-04    nan            1.000000e+02         1.000000e+03         nan                 1.133635e+01         4.000000e+04         nan                 nan                                                    0.000000e+00    nan                                nan                 nan                       nan                      nan                      nan 
4.893901e-04    6.723358e-04    nan            1.000000e+03         1.000000e+04         nan                 1.133635e+01         4.000000e+04         nan                 nan                                                    0.000000e+00    nan                                nan                 nan                       nan                      nan                      nan 
4.893901e-04    6.723358e-04    nan            1.000000e+04         1.000000e+05         nan                 1.133635e+01         4.000000e+04         nan                 nan                                                    0.000000e+00    nan                                nan                 nan                       nan                      nan                      nan 
6.723358e-04    9.236709e-04    7.942172e-04   4.000000e+00         1.000000e+01         6.369277e+00        1.133635e+01         4.000000e+04         8.019177e+03        2.076683e+01                                           2.474327e+05    4.974261e+02                       35434.8             0.0806584                 0.17037                  0.0757202                8.767000e+03 
6.723358e-04    9.236709e-04    8.145004e-04   1.000000e+01         1.000000e+02         1.549641e+01        1.133635e+01         4.000000e+04         1.454867e+04        2.470229e+01                                           1.333604e+05    3.651854e+02                       19741.5             0.023622                  0.192913                 0.0527559                2.260000e+03 
6.723358e-04    9.236709e-04    nan            1.000000e+02         1.000000e+03         nan                 1.133635e+01         4.000000e+04         nan                 nan                                                    0.000000e+00    nan                                nan                 nan                       nan                      nan                      nan 
6.723358e-04    9.236709e-04    nan            1.000000e+03         1.000000e+04         nan                 1.133635e+01         4.000000e+04         nan                 nan                                                    0.000000e+00    nan                                nan                 nan                       nan                      nan                      nan 
6.723358e-04    9.236709e-04    nan            1.000000e+04         1.000000e+05         nan                 1.133635e+01         4.000000e+04         nan                 nan                                                    0.000000e+00    nan                                nan                 nan                       nan                      nan                      nan 
9.236709e-04    1.268961e-03    1.105136e-03   4.000000e+00         1.000000e+01         6.469764e+00        1.133635e+01         4.000000e+04         6.641102e+03        1.468387e+01                                           3.745239e+05    6.119836e+02                       16563.7             0.0592138                 0.108845                 0.127764                 9.135000e+03 
9.236709e-04    1.268961e-03    1.102407e-03   1.000000e+01         1.000000e+02         1.756372e+01        1.133635e+01         4.000000e+04         1.311576e+04        1.794549e+01                                           2.960364e+05    5.440922e+02                       51806.4             0.0321429                 0.184286                 0.0278571                3.593000e+03 
9.236709e-04    1.268961e-03    nan            1.000000e+02         1.000000e+03         nan                 1.133635e+01         4.000000e+04         nan                 nan                                                    0.000000e+00    nan                                nan                 nan                       nan                      nan                      nan 
9.236709e-04    1.268961e-03    nan            1.000000e+03         1.000000e+04         nan                 1.133635e+01         4.000000e+04         nan                 nan                                                    0.000000e+00    nan                                nan                 nan                       nan                      nan                      nan 
9.236709e-04    1.268961e-03    nan            1.000000e+04         1.000000e+05         nan                 1.133635e+01         4.000000e+04         nan                 nan                                                    0.000000e+00    nan                                nan                 nan                       nan                      nan                      nan 
1.268961e-03    1.743329e-03    1.502677e-03   4.000000e+00         1.000000e+01         6.635930e+00        1.133635e+01         4.000000e+04         5.871152e+03        1.061274e+01                                           5.525662e+05    7.433480e+02                       30148.8             0.0794737                 0.130877                 0.0903509                9.381000e+03 
1.268961e-03    1.743329e-03    1.524334e-03   1.000000e+01         1.000000e+02         2.144902e+01        1.133635e+01         4.000000e+04         1.164139e+04        1.235796e+01                                           5.894229e+05    7.677388e+02                       86192.0             0.0268007                 0.154439                 0.0373534                4.996000e+03 
1.268961e-03    1.743329e-03    nan            1.000000e+02         1.000000e+03         nan                 1.133635e+01         4.000000e+04         nan                 nan                                                    0.000000e+00    nan                                nan                 nan                       nan                      nan                      nan 
1.268961e-03    1.743329e-03    nan            1.000000e+03         1.000000e+04         nan                 1.133635e+01         4.000000e+04         nan                 nan                                                    0.000000e+00    nan                                nan                 nan                       nan                      nan                      nan 
1.268961e-03    1.743329e-03    nan            1.000000e+04         1.000000e+05         nan                 1.133635e+01         4.000000e+04         nan                 nan                                                    0.000000e+00    nan                                nan                 nan                       nan                      nan                      nan 
1.743329e-03    2.395027e-03    2.064575e-03   4.000000e+00         1.000000e+01         6.623449e+00        1.133635e+01         4.000000e+04         4.628221e+03        7.543220e+00                                           7.222906e+05    8.498768e+02                       91496.9             0.0269553                 0.182402                 0.0620112                9.550000e+03 
1.743329e-03    2.395027e-03    2.078380e-03   1.000000e+01         1.000000e+02         2.427114e+01        1.133635e+01         4.000000e+04         1.036713e+04        9.001007e+00                                           1.238670e+06    1.112955e+03                       1.77592e+05         0.0200185                 0.176923                 0.0175162                6.425000e+03 
1.743329e-03    2.395027e-03    2.158806e-03   1.000000e+02         1.000000e+03         1.140397e+02        1.133635e+01         4.000000e+04         3.140541e+04        9.181324e+00                                           2.361802e+03    4.859837e+01                       1369.84             0.16                      0.18                     0.4                      1.100000e+02 
1.743329e-03    2.395027e-03    nan            1.000000e+03         1.000000e+04         nan                 1.133635e+01         4.000000e+04         nan                 nan                                                    0.000000e+00    nan                                nan                 nan                       nan                      nan                      nan 
1.743329e-03    2.395027e-03    nan            1.000000e+04         1.000000e+05         nan                 1.133635e+01         4.000000e+04         nan                 nan                                                    0.000000e+00    nan                                nan                 nan                       nan                      nan                      nan 
2.395027e-03    3.290345e-03    2.830516e-03   4.000000e+00         1.000000e+01         6.685320e+00        1.133635e+01         4.000000e+04         4.441792e+03        5.679101e+00                                           9.000989e+05    9.487354e+02                       1.92789e+05         0.0369767                 0.26593                  0.0337209                9.645000e+03 
2.395027e-03    3.290345e-03    2.847377e-03   1.000000e+01         1.000000e+02         2.726510e+01        1.133635e+01         4.000000e+04         8.973213e+03        6.552892e+00                                           1.727898e+06    1.314495e+03                       2.20614e+05         0.0128844                 0.149894                 0.0236479                7.318000e+03 
2.395027e-03    3.290345e-03    2.834724e-03   1.000000e+02         1.000000e+03         1.160294e+02        1.133635e+01         4.000000e+04         2.728351e+04        7.193685e+00                                           1.716465e+04    1.310139e+02                       1.81945e+05         1.66667                   5.46667                  5.8                      3.500000e+02 
2.395027e-03    3.290345e-03    nan            1.000000e+03         1.000000e+04         nan                 1.133635e+01         4.000000e+04         nan                 nan                                                    0.000000e+00    nan                                nan                 nan                       nan                      nan                      nan 
2.395027e-03    3.290345e-03    nan            1.000000e+04         1.000000e+05         nan                 1.133635e+01         4.000000e+04         nan                 nan                                                    0.000000e+00    nan                                nan                 nan                       nan                      nan                      nan 
3.290345e-03    4.520354e-03    3.900458e-03   4.000000e+00         1.000000e+01         6.869356e+00        1.133635e+01         4.000000e+04         3.697777e+03        4.023167e+00                                           1.077762e+06    1.038153e+03                       1.64901e+05         0.055212                  0.171025                 0.069788                 9.744000e+03 
3.290345e-03    4.520354e-03    3.916780e-03   1.000000e+01         1.000000e+02         3.098735e+01        1.133635e+01         4.000000e+04         7.915488e+03        4.706434e+00                                           2.775657e+06    1.666030e+03                       2.66754e+05         0.00998363                0.135777                 0.0436661                8.069000e+03 
3.290345e-03    4.520354e-03    4.021312e-03   1.000000e+02         1.000000e+03         1.285962e+02        1.133635e+01         4.000000e+04         2.114200e+04        4.667613e+00                                           1.045619e+05    3.233604e+02                       27731.6             0.0686957                 0.066087                 0.162609                 6.980000e+02 
3.290345e-03    4.520354e-03    nan            1.000000e+03         1.000000e+04         nan                 1.133635e+01         4.000000e+04         nan                 nan                                                    0.000000e+00    nan                                nan                 nan                       nan                      nan                      nan 
3.290345e-03    4.520354e-03    nan            1.000000e+04         1.000000e+05         nan                 1.133635e+01         4.000000e+04         nan                 nan                                                    0.000000e+00    nan                                nan                 nan                       nan                      nan                      nan 
4.520354e-03    6.210169e-03    5.363785e-03   4.000000e+00         1.000000e+01         6.888189e+00        1.133635e+01         4.000000e+04         3.435589e+03        2.864513e+00                                           1.319301e+06    1.148608e+03                       1.89607e+05         0.0472119                 0.155242                 0.0573978                9.762000e+03 
4.520354e-03    6.210169e-03    5.384560e-03   1.000000e+01         1.000000e+02         3.402200e+01        1.133635e+01         4.000000e+04         6.927650e+03        3.332346e+00                                           4.358906e+06    2.087799e+03                       4.3522e+05          0.00817403                0.14243                  0.0321468                8.630000e+03 
4.520354e-03    6.210169e-03    5.512012e-03   1.000000e+02         1.000000e+03         1.401851e+02        1.133635e+01         4.000000e+04         1.793469e+04        3.239931e+00                                           3.211512e+05    5.667020e+02                       48889.2             0.032021                  0.0572178                0.083727                 1.206000e+03 
4.520354e-03    6.210169e-03    nan            1.000000e+03         1.000000e+04         nan                 1.133635e+01         4.000000e+04         nan                 nan                                                    0.000000e+00    nan                                nan                 nan                       nan                      nan                      nan 
4.520354e-03    6.210169e-03    nan            1.000000e+04         1.000000e+05         nan                 1.133635e+01         4.000000e+04         nan                 nan                                                    0.000000e+00    nan                                nan                 nan                       nan                      nan                      nan 
6.210169e-03    8.531679e-03    7.328449e-03   4.000000e+00         1.000000e+01         6.933618e+00        1.133635e+01         4.000000e+04         2.831038e+03        1.979953e+00                                           1.517766e+06    1.231976e+03                       3.13085e+05         0.0269151                 0.217322                 0.015804                 9.865000e+03 
6.210169e-03    8.531679e-03    7.388352e-03   1.000000e+01         1.000000e+02         3.647984e+01        1.133635e+01         4.000000e+04         6.085010e+03        2.329852e+00                                           5.936192e+06    2.436430e+03                       6.9676e+05          0.00753856                0.148914                 0.0239849                9.000000e+03 
6.210169e-03    8.531679e-03    7.459495e-03   1.000000e+02         1.000000e+03         1.526877e+02        1.133635e+01         4.000000e+04         1.513496e+04        2.223237e+00                                           9.279303e+05    9.632914e+02                       80693.8             0.0086225                 0.0498423                0.0239748                2.068000e+03 
6.210169e-03    8.531679e-03    nan            1.000000e+03         1.000000e+04         nan                 1.133635e+01         4.000000e+04         nan                 nan                                                    0.000000e+00    nan                                nan                 nan                       nan                      nan                      nan 
6.210169e-03    8.531679e-03    nan            1.000000e+04         1.000000e+05         nan                 1.133635e+01         4.000000e+04         nan                 nan                                                    0.000000e+00    nan                                nan                 nan                       nan                      nan                      nan 
8.531679e-03    1.172102e-02    1.008777e-02   4.000000e+00         1.000000e+01         6.941601e+00        1.133635e+01         4.000000e+04         2.693322e+03        1.371600e+00                                           1.575649e+06    1.255248e+03                       2.68032e+05         0.0419686                 0.172524                 0.0248188                9.848000e+03 
8.531679e-03    1.172102e-02    1.011108e-02   1.000000e+01         1.000000e+02         3.928599e+01        1.133635e+01         4.000000e+04         5.213502e+03        1.598876e+00                                           8.407315e+06    2.899537e+03                       7.08784e+05         0.00298009                0.129111                 0.0319756                9.255000e+03 
8.531679e-03    1.172102e-02    1.024766e-02   1.000000e+02         1.000000e+03         1.717321e+02        1.133635e+01         4.000000e+04         1.326304e+04        1.500807e+00                                           2.227704e+06    1.492549e+03                       1.91316e+05         0.0083502                 0.0734818                0.012753                 3.081000e+03 
8.531679e-03    1.172102e-02    nan            1.000000e+03         1.000000e+04         nan                 1.133635e+01         4.000000e+04         nan                 nan                                                    0.000000e+00    nan                                nan                 nan                       nan                      nan                      nan 
8.531679e-03    1.172102e-02    nan            1.000000e+04         1.000000e+05         nan                 1.133635e+01         4.000000e+04         nan                 nan                                                    0.000000e+00    nan                                nan                 nan                       nan                      nan                      nan 
1.172102e-02    1.610262e-02    1.380514e-02   4.000000e+00         1.000000e+01         6.971566e+00        1.133635e+01         4.000000e+04         2.390407e+03        9.932112e-01                                           1.863081e+06    1.364947e+03                       2.86604e+05         0.0341423                 0.153999                 0.0181467                9.907000e+03 
1.172102e-02    1.610262e-02    1.386667e-02   1.000000e+01         1.000000e+02         4.167556e+01        1.133635e+01         4.000000e+04         4.580940e+03        1.156134e+00                                           1.063234e+07    3.260727e+03                       1.24753e+06         0.00243298                0.146116                 0.0262211                9.416000e+03 
1.172102e-02    1.610262e-02    1.402599e-02   1.000000e+02         1.000000e+03         1.937454e+02        1.133635e+01         4.000000e+04         1.152445e+04        1.036242e+00                                           3.815619e+06    1.953361e+03                       3.57676e+05         0.00933654                0.105404                 0.00882825               4.692000e+03 
1.172102e-02    1.610262e-02    nan            1.000000e+03         1.000000e+04         nan                 1.133635e+01         4.000000e+04         nan                 nan                                                    0.000000e+00    nan                                nan                 nan                       nan                      nan                      nan 
1.172102e-02    1.610262e-02    nan            1.000000e+04         1.000000e+05         nan                 1.133635e+01         4.000000e+04         nan                 nan                                                    0.000000e+00    nan                                nan                 nan                       nan                      nan                      nan 
1.610262e-02    2.212216e-02    1.897148e-02   4.000000e+00         1.000000e+01         6.864482e+00        1.133635e+01         4.000000e+04         2.175423e+03        7.065908e-01                                           1.901827e+06    1.379068e+03                       1.71791e+05         0.0279321                 0.121193                 0.0471193                9.904000e+03 
1.610262e-02    2.212216e-02    1.905231e-02   1.000000e+01         1.000000e+02         4.386422e+01        1.133635e+01         4.000000e+04         4.013543e+03        8.203479e-01                                           1.305001e+07    3.612480e+03                       1.34218e+06         0.00270753                0.136566                 0.0196221                9.609000e+03 
1.610262e-02    2.212216e-02    1.919921e-02   1.000000e+02         1.000000e+03         2.180999e+02        1.133635e+01         4.000000e+04         1.005451e+04        7.195081e-01                                           7.341074e+06    2.709442e+03                       3.4945e+05          0.00615187                0.0658721                0.0195689                6.070000e+03 
1.610262e-02    2.212216e-02    2.032662e-02   1.000000e+03         1.000000e+04         1.276311e+03        1.133635e+01         4.000000e+04         3.618898e+04        4.793888e-01                                           5.774115e+03    7.598760e+01                       18092.2             0.933333                  1.46667                  3.4                      7.600000e+01 
1.610262e-02    2.212216e-02    nan            1.000000e+04         1.000000e+05         nan                 1.133635e+01         4.000000e+04         nan                 nan                                                    0.000000e+00    nan                                nan                 nan                       nan                      nan                      nan 
2.212216e-02    3.039195e-02    2.579769e-02   4.000000e+00         1.000000e+01         7.355940e+00        1.133635e+01         4.000000e+04         2.010717e+03        5.068683e-01                                           1.556631e+06    1.247650e+03                       67994.9             0.0106581                 0.159289                 0.121316                 8.307000e+03 
2.212216e-02    3.039195e-02    2.613295e-02   1.000000e+01         1.000000e+02         4.562847e+01        1.133635e+01         4.000000e+04         3.537922e+03        5.718366e-01                                           1.633415e+07    4.041552e+03                       1.36199e+06         0.00599404                0.107204                 0.0315959                9.678000e+03 
2.212216e-02    3.039195e-02    2.638503e-02   1.000000e+02         1.000000e+03         2.472781e+02        1.133635e+01         4.000000e+04         8.742556e+03        4.861232e-01                                           1.178223e+07    3.432525e+03                       3.41234e+05         0.00267247                0.0575905                0.0274163                7.222000e+03 
2.212216e-02    3.039195e-02    2.707693e-02   1.000000e+03         1.000000e+04         1.176084e+03        1.133635e+01         4.000000e+04         2.866674e+04        3.578343e-01                                           5.481656e+04    2.341294e+02                       33058.6             0.0461538                 0.112308                 0.418462                 2.540000e+02 
2.212216e-02    3.039195e-02    nan            1.000000e+04         1.000000e+05         nan                 1.133635e+01         4.000000e+04         nan                 nan                                                    0.000000e+00    nan                                nan                 nan                       nan                      nan                      nan 
3.039195e-02    4.175319e-02    3.526803e-02   4.000000e+00         1.000000e+01         8.268394e+00        1.133635e+01         4.000000e+04         1.841253e+03        3.580664e-01                                           1.081667e+06    1.040032e+03                       1.2319e+05          0.0125                    0.125608                 0.228212                 5.460000e+03 
3.039195e-02    4.175319e-02    3.590237e-02   1.000000e+01         1.000000e+02         4.735510e+01        1.133635e+01         4.000000e+04         3.085919e+03        3.890705e-01                                           1.838614e+07    4.287906e+03                       1.55211e+06         0.00250397                0.106778                 0.0237192                9.807000e+03 
3.039195e-02    4.175319e-02    3.621313e-02   1.000000e+02         1.000000e+03         2.781722e+02        1.133635e+01         4.000000e+04         7.615536e+03        3.264875e-01                                           1.815769e+07    4.261184e+03                       5.2936e+05          0.00277732                0.0634292                0.0275791                7.981000e+03 
3.039195e-02    4.175319e-02    3.732988e-02   1.000000e+03         1.000000e+04         1.250298e+03        1.133635e+01         4.000000e+04         2.262074e+04        2.340183e-01                                           3.387821e+05    5.820499e+02                       1.0287e+05          0.0200608                 0.0534954                0.352584                 5.660000e+02 
3.039195e-02    4.175319e-02    nan            1.000000e+04         1.000000e+05         nan                 1.133635e+01         4.000000e+04         nan                 nan                                                    0.000000e+00    nan                                nan                 nan                       nan                      nan                      nan 
4.175319e-02    5.736153e-02    4.542407e-02   4.000000e+00         1.000000e+01         9.275377e+00        1.133635e+01         4.000000e+04         2.046662e+03        2.681210e-01                                           2.722607e+05    5.217861e+02                       90055.5             0.0581538                 0.0470769                0.394154                 1.289000e+03 
4.175319e-02    5.736153e-02    4.927224e-02   1.000000e+01         1.000000e+02         4.889814e+01        1.133635e+01         4.000000e+04         2.759647e+03        2.612480e-01                                           1.931022e+07    4.394340e+03                       1.32742e+06         0.00437128                0.0931208                0.0181845                9.812000e+03 
4.175319e-02    5.736153e-02    4.963243e-02   1.000000e+02         1.000000e+03         3.095069e+02        1.133635e+01         4.000000e+04         6.697200e+03        2.178120e-01                                           2.666238e+07    5.163563e+03                       2.38156e+05         0.00172225                0.0483778                0.0364467                8.450000e+03 
4.175319e-02    5.736153e-02    5.080276e-02   1.000000e+03         1.000000e+04         1.319174e+03        1.133635e+01         4.000000e+04         1.802720e+04        1.543541e-01                                           1.096586e+06    1.047180e+03                       1.99776e+05         0.0099481                 0.0192907                0.191263                 1.133000e+03 
4.175319e-02    5.736153e-02    nan            1.000000e+04         1.000000e+05         nan                 1.133635e+01         4.000000e+04         nan                 nan                                                    0.000000e+00    nan                                nan                 nan                       nan                      nan                      nan 
5.736153e-02    7.880463e-02    nan            4.000000e+00         1.000000e+01         nan                 1.133635e+01         4.000000e+04         nan                 nan                                                    0.000000e+00    nan                                nan                 nan                       nan                      nan                      nan 
5.736153e-02    7.880463e-02    6.745975e-02   1.000000e+01         1.000000e+02         5.112649e+01        1.133635e+01         4.000000e+04         2.501625e+03        1.752196e-01                                           2.131351e+07    4.616656e+03                       4.77725e+05         0.00388289                0.0575954                0.0314855                9.585000e+03 
5.736153e-02    7.880463e-02    6.802167e-02   1.000000e+02         1.000000e+03         3.369461e+02        1.133635e+01         4.000000e+04         5.765493e+03        1.438194e-01                                           3.666069e+07    6.054807e+03                       1.9649e+05          0.00408529                0.0302301                0.0269833                8.831000e+03 
5.736153e-02    7.880463e-02    6.886072e-02   1.000000e+03         1.000000e+04         1.416508e+03        1.133635e+01         4.000000e+04         1.502433e+04        1.008863e-01                                           3.431574e+06    1.852451e+03                       1.04036e+05         0.00830224                0.0242226                0.0510572                1.816000e+03 
5.736153e-02    7.880463e-02    nan            1.000000e+04         1.000000e+05         nan                 1.133635e+01         4.000000e+04         nan                 nan                                                    0.000000e+00    nan                                nan                 nan                       nan                      nan                      nan 
7.880463e-02    1.082637e-01    nan            4.000000e+00         1.000000e+01         nan                 1.133635e+01         4.000000e+04         nan                 nan                                                    0.000000e+00    nan                                nan                 nan                       nan                      nan                      nan 
7.880463e-02    1.082637e-01    9.255820e-02   1.000000e+01         1.000000e+02         5.489995e+01        1.133635e+01         4.000000e+04         2.300877e+03        1.221970e-01                                           1.942948e+07    4.407889e+03                       8.10208e+05         0.00176121                0.00497227               0.0349324                9.030000e+03 
7.880463e-02    1.082637e-01    9.323023e-02   1.000000e+02         1.000000e+03         3.628254e+02        1.133635e+01         4.000000e+04         5.001708e+03        1.004598e-01                                           4.956313e+07    7.040108e+03                       2.44456e+06         0.00132667                0.0120921                0.0351723                9.190000e+03 
7.880463e-02    1.082637e-01    9.437771e-02   1.000000e+03         1.000000e+04         1.586831e+03        1.133635e+01         4.000000e+04         1.308030e+04        6.718868e-02                                           5.805555e+06    2.409472e+03                       57616.3             0.00281857                0.0268358                0.0321614                2.795000e+03 
7.880463e-02    1.082637e-01    nan            1.000000e+04         1.000000e+05         nan                 1.133635e+01         4.000000e+04         nan                 nan                                                    0.000000e+00    nan                                nan                 nan                       nan                      nan                      nan 
1.082637e-01    1.487352e-01    nan            4.000000e+00         1.000000e+01         nan                 1.133635e+01         4.000000e+04         nan                 nan                                                    0.000000e+00    nan                                nan                 nan                       nan                      nan                      nan 
1.082637e-01    1.487352e-01    1.268068e-01   1.000000e+01         1.000000e+02         5.919959e+01        1.133635e+01         4.000000e+04         2.181736e+03        8.275687e-02                                           1.928223e+07    4.391154e+03                       2.15847e+06         0.00265241                0.0753945                0.0523143                8.346000e+03 
1.082637e-01    1.487352e-01    1.279630e-01   1.000000e+02         1.000000e+03         3.852447e+02        1.133635e+01         4.000000e+04         4.305189e+03        6.752222e-02                                           5.719751e+07    7.562903e+03                       5.80653e+06         0.000896884               0.0672763                0.040115                 9.397000e+03 
1.082637e-01    1.487352e-01    1.291973e-01   1.000000e+03         1.000000e+04         1.734883e+03        1.133635e+01         4.000000e+04         1.099934e+04        4.363787e-02                                           1.244687e+07    3.528012e+03                       8.86223e+05         0.00281997                0.0722053                0.00441692               4.366000e+03 
1.082637e-01    1.487352e-01    nan            1.000000e+04         1.000000e+05         nan                 1.133635e+01         4.000000e+04         nan                 nan                                                    0.000000e+00    nan                                nan                 nan                       nan                      nan                      nan 
1.487352e-01    2.043360e-01    nan            4.000000e+00         1.000000e+01         nan                 1.133635e+01         4.000000e+04         nan                 nan                                                    0.000000e+00    nan                                nan                 nan                       nan                      nan                      nan 
1.487352e-01    2.043360e-01    1.740304e-01   1.000000e+01         1.000000e+02         6.455251e+01        1.133635e+01         4.000000e+04         2.073543e+03        5.335952e-02                                           1.534127e+07    3.916794e+03                       2.77484e+06         0.00240333                0.140447                 0.0711033                7.387000e+03 
1.487352e-01    2.043360e-01    1.755724e-01   1.000000e+02         1.000000e+03         4.062204e+02        1.133635e+01         4.000000e+04         3.759725e+03        4.311027e-02                                           6.667391e+07    8.165409e+03                       1.03001e+07         0.00168035                0.121646                 0.0414327                9.543000e+03 
1.487352e-01    2.043360e-01    1.769036e-01   1.000000e+03         1.000000e+04         1.928570e+03        1.133635e+01         4.000000e+04         9.513522e+03        2.632263e-02                                           2.088398e+07    4.569899e+03                       2.70222e+06         0.00133205                0.109464                 0.0146573                5.717000e+03 
1.487352e-01    2.043360e-01    1.999368e-01   1.000000e+04         1.000000e+05         1.056592e+04        1.133635e+01         4.000000e+04         3.414427e+04        6.024333e-03                                           3.491525e+03    5.908913e+01                       5499.15             0.225                     0.425                    1.2                      4.400000e+01 
2.043360e-01    2.807216e-01    nan            4.000000e+00         1.000000e+01         nan                 1.133635e+01         4.000000e+04         nan                 nan                                                    0.000000e+00    nan                                nan                 nan                       nan                      nan                      nan 
2.043360e-01    2.807216e-01    2.379702e-01   1.000000e+01         1.000000e+02         7.135967e+01        1.133635e+01         4.000000e+04         1.976559e+03        3.198337e-02                                           1.083263e+07    3.291296e+03                       2.74668e+06         0.00350752                0.202279                 0.0869136                5.977000e+03 
2.043360e-01    2.807216e-01    2.405595e-01   1.000000e+02         1.000000e+03         4.249755e+02        1.133635e+01         4.000000e+04         3.340531e+03        2.527696e-02                                           6.526717e+07    8.078810e+03                       1.29295e+07         0.0011866                 0.176598                 0.0333771                9.645000e+03 
2.043360e-01    2.807216e-01    2.424033e-01   1.000000e+03         1.000000e+04         2.099742e+03        1.133635e+01         4.000000e+04         8.203865e+03        1.444359e-02                                           3.034924e+07    5.509015e+03                       5.41185e+06         0.00201221                0.14838                  0.0454333                6.961000e+03 
2.043360e-01    2.807216e-01    2.463763e-01   1.000000e+04         1.000000e+05         1.196052e+04        1.133635e+01         4.000000e+04         3.055243e+04        3.888058e-03                                           3.436281e+04    1.853721e+02                       11558.4             0.0227273                 0.231818                 0.588636                 2.030000e+02 
2.807216e-01    3.856620e-01    nan            4.000000e+00         1.000000e+01         nan                 1.133635e+01         4.000000e+04         nan                 nan                                                    0.000000e+00    nan                                nan                 nan                       nan                      nan                      nan 
2.807216e-01    3.856620e-01    3.232746e-01   1.000000e+01         1.000000e+02         7.961211e+01        1.133635e+01         4.000000e+04         1.896337e+03        1.670357e-02                                           4.961734e+06    2.227495e+03                       1.47135e+06         0.00582391                0.238832                 0.109353                 4.127000e+03 
2.807216e-01    3.856620e-01    3.282022e-01   1.000000e+02         1.000000e+03         4.370432e+02        1.133635e+01         4.000000e+04         3.034758e+03        1.270889e-02                                           5.327559e+07    7.299013e+03                       1.12198e+07         0.000823289               0.20414                  0.0209499                9.747000e+03 
2.807216e-01    3.856620e-01    3.305506e-01   1.000000e+03         1.000000e+04         2.316314e+03        1.133635e+01         4.000000e+04         7.141180e+03        6.809079e-03                                           3.355461e+07    5.792634e+03                       6.53757e+06         0.00179437                0.143979                 0.0543919                7.767000e+03 
2.807216e-01    3.856620e-01    3.426201e-01   1.000000e+04         1.000000e+05         1.218962e+04        1.133635e+01         4.000000e+04         2.366265e+04        1.779319e-03                                           1.316810e+05    3.628788e+02                       41588.5             0.0338129                 0.17482                  0.41295                  4.910000e+02 
3.856620e-01    5.298317e-01    nan            4.000000e+00         1.000000e+01         nan                 1.133635e+01         4.000000e+04         nan                 nan                                                    0.000000e+00    nan                                nan                 nan                       nan                      nan                      nan 
3.856620e-01    5.298317e-01    4.253728e-01   1.000000e+01         1.000000e+02         8.999705e+01        1.133635e+01         4.000000e+04         2.011314e+03        8.707752e-03                                           1.289646e+06    1.135626e+03                       4.70505e+05         0.0159136                 0.239817                 0.152783                 1.562000e+03 
3.856620e-01    5.298317e-01    4.428951e-01   1.000000e+02         1.000000e+03         4.452249e+02        1.133635e+01         4.000000e+04         2.776765e+03        5.530360e-03                                           3.392270e+07    5.824319e+03                       3.42065e+06         0.000702103               0.126841                 0.0253459                9.789000e+03 
3.856620e-01    5.298317e-01    4.447602e-01   1.000000e+03         1.000000e+04         2.489843e+03        1.133635e+01         4.000000e+04         6.297244e+03        2.771848e-03                                           2.305185e+07    4.801234e+03                       1.74114e+06         0.00156237                0.0187527                0.0705071                8.279000e+03 
3.856620e-01    5.298317e-01    4.556636e-01   1.000000e+04         1.000000e+05         1.266471e+04        1.133635e+01         4.000000e+04         1.899762e+04        6.460625e-04                                           2.706874e+05    5.202763e+02                       84767.9             0.00827068                0.075188                 0.121053                 9.300000e+02 
5.298317e-01    7.278954e-01    nan            4.000000e+00         1.000000e+01         nan                 1.133635e+01         4.000000e+04         nan                 nan                                                    0.000000e+00    nan                                nan                 nan                       nan                      nan                      nan 
5.298317e-01    7.278954e-01    nan            1.000000e+01         1.000000e+02         nan                 1.133635e+01         4.000000e+04         nan                 nan                                                    0.000000e+00    nan                                nan                 nan                       nan                      nan                      nan 
5.298317e-01    7.278954e-01    5.957825e-01   1.000000e+02         1.000000e+03         4.555201e+02        1.133635e+01         4.000000e+04         2.586890e+03        1.242982e-03                                           1.040848e+07    3.226217e+03                       7.00768e+06         0.00337532                0.496663                 0.419915                 9.612000e+03 
5.298317e-01    7.278954e-01    5.990405e-01   1.000000e+03         1.000000e+04         2.645087e+03        1.133635e+01         4.000000e+04         5.611157e+03        5.638130e-04                                           8.568155e+06    2.927141e+03                       5.50301e+06         0.00159482                0.699353                 0.0515081                8.719000e+03 
5.298317e-01    7.278954e-01    6.125504e-01   1.000000e+04         1.000000e+05         1.325140e+04        1.133635e+01         4.000000e+04         1.594491e+04        1.285692e-04                                           1.949455e+05    4.415264e+02                       1.8809e+05          0.0104396                 0.93022                  0.0989011                1.631000e+03 
7.278954e-01    1.000000e+00    nan            4.000000e+00         1.000000e+01         nan                 1.133635e+01         4.000000e+04         nan                 nan                                                    0.000000e+00    nan                                nan                 nan                       nan                      nan                      nan 
7.278954e-01    1.000000e+00    nan            1.000000e+01         1.000000e+02         nan                 1.133635e+01         4.000000e+04         nan                 nan                                                    0.000000e+00    nan                                nan                 nan                       nan                      nan                      nan 
7.278954e-01    1.000000e+00    7.812971e-01   1.000000e+02         1.000000e+03         4.805793e+02        1.133635e+01         4.000000e+04         2.584209e+03        1.232111e-04                                           8.553128e+05    9.248312e+02                       6.5928e+06          0.0200908                 5.5496                   3.67162                  8.974000e+03 
7.278954e-01    1.000000e+00    7.856753e-01   1.000000e+03         1.000000e+04         2.846515e+03        1.133635e+01         4.000000e+04         5.037072e+03        4.905777e-05                                           7.416987e+05    8.612193e+02                       5.42784e+06         0.00905882                6.82659                  1.44459                  8.978000e+03 
7.278954e-01    1.000000e+00    7.909996e-01   1.000000e+04         1.000000e+05         1.415831e+04        1.133635e+01         4.000000e+04         1.327550e+04        1.094337e-05                                           3.723423e+04    1.929617e+02                       2.24569e+05         0.0375                    6.225                    0.109375                 2.453000e+03 
