Experiment = FASERv2FCC_deep | seed 2 | Neutrino = -14 | Exp. Target density (nucleons / cm3) = 10^(25.1) | Exp. Target Length = 6600.0 cm | Total Events = 335339003.0 |        del_theta = 0.06 mrad, theta_max = 50.0 mrad |        del_Elepton = 30.0 % , Elepton_min = 100.00 GeV, Elepton_max = 100000.00 GeV|        del_Ehadron = 30.0 %, Ehadron_min = 100.00 GeV GeV, Ehadron_max = 100000.00 GeV
x_lower         x_upper         x_avg          Q2_lower[GeV^2]      Q2_upper[GeV^2]      Q2_avg[GeV^2]       E_nu_lower[GeV]      E_nu_upper[GeV]      E_nu_avg[GeV]       d^sigma/dxdQ2(x_avg,Q2_avg,Enu_avg) pb / GeV^2         N_events        N_events_errs = Sqrt[N_events]     N_sys_errs          Fractional_error_theta    Fractional_error_Elepton Fractional_error_Ehadron MC_Samples 
1.000000e-04    1.373824e-04    nan            4.000000e+00         1.000000e+01         nan                 1.133635e+01         4.000000e+04         nan                 nan                                                    0.000000e+00    nan                                nan                 nan                       nan                      nan                      nan 
1.000000e-04    1.373824e-04    nan            1.000000e+01         1.000000e+02         nan                 1.133635e+01         4.000000e+04         nan                 nan                                                    0.000000e+00    nan                                nan                 nan                       nan                      nan                      nan 
1.000000e-04    1.373824e-04    nan            1.000000e+02         1.000000e+03         nan                 1.133635e+01         4.000000e+04         nan                 nan                                                    0.000000e+00    nan                                nan                 nan                       nan                      nan                      nan 
1.000000e-04    1.373824e-04    nan            1.000000e+03         1.000000e+04         nan                 1.133635e+01         4.000000e+04         nan                 nan                                                    0.000000e+00    nan                                nan                 nan                       nan                      nan                      nan 
1.000000e-04    1.373824e-04    nan            1.000000e+04         1.000000e+05         nan                 1.133635e+01         4.000000e+04         nan                 nan                                                    0.000000e+00    nan                                nan                 nan                       nan                      nan                      nan 
1.373824e-04    1.887392e-04    1.707781e-04   4.000000e+00         1.000000e+01         5.184982e+00        1.133635e+01         4.000000e+04         1.878207e+04        9.423281e+01                                           2.183923e+03    4.673246e+01                       2664.39             0.36                      0.7                      0.2                      4.198000e+03 
1.373824e-04    1.887392e-04    nan            1.000000e+01         1.000000e+02         nan                 1.133635e+01         4.000000e+04         nan                 nan                                                    0.000000e+00    nan                                nan                 nan                       nan                      nan                      nan 
1.373824e-04    1.887392e-04    nan            1.000000e+02         1.000000e+03         nan                 1.133635e+01         4.000000e+04         nan                 nan                                                    0.000000e+00    nan                                nan                 nan                       nan                      nan                      nan 
1.373824e-04    1.887392e-04    nan            1.000000e+03         1.000000e+04         nan                 1.133635e+01         4.000000e+04         nan                 nan                                                    0.000000e+00    nan                                nan                 nan                       nan                      nan                      nan 
1.373824e-04    1.887392e-04    nan            1.000000e+04         1.000000e+05         nan                 1.133635e+01         4.000000e+04         nan                 nan                                                    0.000000e+00    nan                                nan                 nan                       nan                      nan                      nan 
1.887392e-04    2.592944e-04    2.311995e-04   4.000000e+00         1.000000e+01         5.400182e+00        1.133635e+01         4.000000e+04         1.617449e+04        6.910344e+01                                           7.822856e+03    8.844691e+01                       1132.26             0.181579                  0.0921053                0.181579                 5.780000e+03 
1.887392e-04    2.592944e-04    nan            1.000000e+01         1.000000e+02         nan                 1.133635e+01         4.000000e+04         nan                 nan                                                    0.000000e+00    nan                                nan                 nan                       nan                      nan                      nan 
1.887392e-04    2.592944e-04    nan            1.000000e+02         1.000000e+03         nan                 1.133635e+01         4.000000e+04         nan                 nan                                                    0.000000e+00    nan                                nan                 nan                       nan                      nan                      nan 
1.887392e-04    2.592944e-04    nan            1.000000e+03         1.000000e+04         nan                 1.133635e+01         4.000000e+04         nan                 nan                                                    0.000000e+00    nan                                nan                 nan                       nan                      nan                      nan 
1.887392e-04    2.592944e-04    nan            1.000000e+04         1.000000e+05         nan                 1.133635e+01         4.000000e+04         nan                 nan                                                    0.000000e+00    nan                                nan                 nan                       nan                      nan                      nan 
2.592944e-04    3.562248e-04    3.091847e-04   4.000000e+00         1.000000e+01         5.702820e+00        1.133635e+01         4.000000e+04         1.341972e+04        5.023376e+01                                           2.083227e+04    1.443339e+02                       1275.45             0.0734694                 0.115306                 0.132653                 6.882000e+03 
2.592944e-04    3.562248e-04    3.248244e-04   1.000000e+01         1.000000e+02         1.150784e+01        1.133635e+01         4.000000e+04         2.331236e+04        5.991509e+01                                           1.106850e+03    3.326935e+01                       3172.97             1.03333                   1.7                      1.4                      4.000000e+02 
2.592944e-04    3.562248e-04    nan            1.000000e+02         1.000000e+03         nan                 1.133635e+01         4.000000e+04         nan                 nan                                                    0.000000e+00    nan                                nan                 nan                       nan                      nan                      nan 
2.592944e-04    3.562248e-04    nan            1.000000e+03         1.000000e+04         nan                 1.133635e+01         4.000000e+04         nan                 nan                                                    0.000000e+00    nan                                nan                 nan                       nan                      nan                      nan 
2.592944e-04    3.562248e-04    nan            1.000000e+04         1.000000e+05         nan                 1.133635e+01         4.000000e+04         nan                 nan                                                    0.000000e+00    nan                                nan                 nan                       nan                      nan                      nan 
3.562248e-04    4.893901e-04    4.267756e-04   4.000000e+00         1.000000e+01         6.131414e+00        1.133635e+01         4.000000e+04         1.187547e+04        3.826574e+01                                           4.547629e+04    2.132517e+02                       2784.67             0.136123                  0.0660793                0.155947                 7.697000e+03 
3.562248e-04    4.893901e-04    4.262134e-04   1.000000e+01         1.000000e+02         1.319986e+01        1.133635e+01         4.000000e+04         2.048132e+04        4.722291e+01                                           6.527982e+03    8.079593e+01                       1990.24             0.14878                   0.104878                 0.190244                 8.690000e+02 
3.562248e-04    4.893901e-04    nan            1.000000e+02         1.000000e+03         nan                 1.133635e+01         4.000000e+04         nan                 nan                                                    0.000000e+00    nan                                nan                 nan                       nan                      nan                      nan 
3.562248e-04    4.893901e-04    nan            1.000000e+03         1.000000e+04         nan                 1.133635e+01         4.000000e+04         nan                 nan                                                    0.000000e+00    nan                                nan                 nan                       nan                      nan                      nan 
3.562248e-04    4.893901e-04    nan            1.000000e+04         1.000000e+05         nan                 1.133635e+01         4.000000e+04         nan                 nan                                                    0.000000e+00    nan                                nan                 nan                       nan                      nan                      nan 
4.893901e-04    6.723358e-04    5.849987e-04   4.000000e+00         1.000000e+01         6.192901e+00        1.133635e+01         4.000000e+04         9.575432e+03        2.771905e+01                                           8.177124e+04    2.859567e+02                       3541.57             0.092517                  0.117914                 0.135828                 8.330000e+03 
4.893901e-04    6.723358e-04    5.992725e-04   1.000000e+01         1.000000e+02         1.441073e+01        1.133635e+01         4.000000e+04         1.636165e+04        3.238936e+01                                           2.610493e+04    1.615702e+02                       6617.3              0.048062                  0.133333                 0.122481                 1.428000e+03 
4.893901e-04    6.723358e-04    nan            1.000000e+02         1.000000e+03         nan                 1.133635e+01         4.000000e+04         nan                 nan                                                    0.000000e+00    nan                                nan                 nan                       nan                      nan                      nan 
4.893901e-04    6.723358e-04    nan            1.000000e+03         1.000000e+04         nan                 1.133635e+01         4.000000e+04         nan                 nan                                                    0.000000e+00    nan                                nan                 nan                       nan                      nan                      nan 
4.893901e-04    6.723358e-04    nan            1.000000e+04         1.000000e+05         nan                 1.133635e+01         4.000000e+04         nan                 nan                                                    0.000000e+00    nan                                nan                 nan                       nan                      nan                      nan 
6.723358e-04    9.236709e-04    7.975612e-04   4.000000e+00         1.000000e+01         6.308511e+00        1.133635e+01         4.000000e+04         7.814190e+03        1.996587e+01                                           1.447607e+05    3.804743e+02                       12377.8             0.0777926                 0.140027                 0.107181                 8.822000e+03 
6.723358e-04    9.236709e-04    8.151621e-04   1.000000e+01         1.000000e+02         1.528329e+01        1.133635e+01         4.000000e+04         1.405593e+04        2.363878e+01                                           7.079757e+04    2.660781e+02                       9433.25             0.0474114                 0.0803815                0.0297003                2.247000e+03 
6.723358e-04    9.236709e-04    nan            1.000000e+02         1.000000e+03         nan                 1.133635e+01         4.000000e+04         nan                 nan                                                    0.000000e+00    nan                                nan                 nan                       nan                      nan                      nan 
6.723358e-04    9.236709e-04    nan            1.000000e+03         1.000000e+04         nan                 1.133635e+01         4.000000e+04         nan                 nan                                                    0.000000e+00    nan                                nan                 nan                       nan                      nan                      nan 
6.723358e-04    9.236709e-04    nan            1.000000e+04         1.000000e+05         nan                 1.133635e+01         4.000000e+04         nan                 nan                                                    0.000000e+00    nan                                nan                 nan                       nan                      nan                      nan 
9.236709e-04    1.268961e-03    1.104389e-03   4.000000e+00         1.000000e+01         6.493204e+00        1.133635e+01         4.000000e+04         6.562163e+03        1.420729e+01                                           2.319663e+05    4.816288e+02                       9420.14             0.0767255                 0.11549                  0.115008                 9.113000e+03 
9.236709e-04    1.268961e-03    1.108389e-03   1.000000e+01         1.000000e+02         1.721178e+01        1.133635e+01         4.000000e+04         1.249480e+04        1.699811e+01                                           1.559030e+05    3.948456e+02                       29899.8             0.0198973                 0.172914                 0.0575096                3.520000e+03 
9.236709e-04    1.268961e-03    nan            1.000000e+02         1.000000e+03         nan                 1.133635e+01         4.000000e+04         nan                 nan                                                    0.000000e+00    nan                                nan                 nan                       nan                      nan                      nan 
9.236709e-04    1.268961e-03    nan            1.000000e+03         1.000000e+04         nan                 1.133635e+01         4.000000e+04         nan                 nan                                                    0.000000e+00    nan                                nan                 nan                       nan                      nan                      nan 
9.236709e-04    1.268961e-03    nan            1.000000e+04         1.000000e+05         nan                 1.133635e+01         4.000000e+04         nan                 nan                                                    0.000000e+00    nan                                nan                 nan                       nan                      nan                      nan 
1.268961e-03    1.743329e-03    1.510088e-03   4.000000e+00         1.000000e+01         6.511239e+00        1.133635e+01         4.000000e+04         5.550082e+03        1.006099e+01                                           3.665454e+05    6.054299e+02                       23113.1             0.0855415                 0.123364                 0.0951072                9.356000e+03 
1.268961e-03    1.743329e-03    1.518049e-03   1.000000e+01         1.000000e+02         1.995202e+01        1.133635e+01         4.000000e+04         1.082312e+04        1.170174e+01                                           3.276978e+05    5.724489e+02                       55103.6             0.0136927                 0.172243                 0.0179678                5.067000e+03 
1.268961e-03    1.743329e-03    nan            1.000000e+02         1.000000e+03         nan                 1.133635e+01         4.000000e+04         nan                 nan                                                    0.000000e+00    nan                                nan                 nan                       nan                      nan                      nan 
1.268961e-03    1.743329e-03    nan            1.000000e+03         1.000000e+04         nan                 1.133635e+01         4.000000e+04         nan                 nan                                                    0.000000e+00    nan                                nan                 nan                       nan                      nan                      nan 
1.268961e-03    1.743329e-03    nan            1.000000e+04         1.000000e+05         nan                 1.133635e+01         4.000000e+04         nan                 nan                                                    0.000000e+00    nan                                nan                 nan                       nan                      nan                      nan 
1.743329e-03    2.395027e-03    2.063913e-03   4.000000e+00         1.000000e+01         6.627552e+00        1.133635e+01         4.000000e+04         4.504130e+03        7.223317e+00                                           4.976670e+05    7.054552e+02                       35461.8             0.0536634                 0.12339                  0.0727456                9.520000e+03 
1.743329e-03    2.395027e-03    2.082497e-03   1.000000e+01         1.000000e+02         2.292223e+01        1.133635e+01         4.000000e+04         9.598653e+03        8.379893e+00                                           6.560057e+05    8.099418e+02                       78753.7             0.0144791                 0.139377                 0.0256846                6.431000e+03 
1.743329e-03    2.395027e-03    2.208574e-03   1.000000e+02         1.000000e+03         1.136972e+02        1.133635e+01         4.000000e+04         3.006760e+04        8.421673e+00                                           4.830390e+02    2.197815e+01                       640.027             0.2                       0.225                    1.35                     1.200000e+02 
1.743329e-03    2.395027e-03    nan            1.000000e+03         1.000000e+04         nan                 1.133635e+01         4.000000e+04         nan                 nan                                                    0.000000e+00    nan                                nan                 nan                       nan                      nan                      nan 
1.743329e-03    2.395027e-03    nan            1.000000e+04         1.000000e+05         nan                 1.133635e+01         4.000000e+04         nan                 nan                                                    0.000000e+00    nan                                nan                 nan                       nan                      nan                      nan 
2.395027e-03    3.290345e-03    2.828587e-03   4.000000e+00         1.000000e+01         6.710172e+00        1.133635e+01         4.000000e+04         4.063230e+03        5.374023e+00                                           6.212080e+05    7.881675e+02                       94450.6             0.0476928                 0.194397                 0.0527027                9.651000e+03 
2.395027e-03    3.290345e-03    2.857691e-03   1.000000e+01         1.000000e+02         2.645237e+01        1.133635e+01         4.000000e+04         8.522222e+03        6.080608e+00                                           1.201418e+06    1.096092e+03                       1.40169e+05         0.00953594                0.160346                 0.0179436                7.407000e+03 
2.395027e-03    3.290345e-03    2.943238e-03   1.000000e+02         1.000000e+03         1.121537e+02        1.133635e+01         4.000000e+04         2.363270e+04        6.064175e+00                                           7.225739e+03    8.500434e+01                       13701.1             0.215385                  0.476923                 1.27692                  3.420000e+02 
2.395027e-03    3.290345e-03    nan            1.000000e+03         1.000000e+04         nan                 1.133635e+01         4.000000e+04         nan                 nan                                                    0.000000e+00    nan                                nan                 nan                       nan                      nan                      nan 
2.395027e-03    3.290345e-03    nan            1.000000e+04         1.000000e+05         nan                 1.133635e+01         4.000000e+04         nan                 nan                                                    0.000000e+00    nan                                nan                 nan                       nan                      nan                      nan 
3.290345e-03    4.520354e-03    3.907663e-03   4.000000e+00         1.000000e+01         6.762292e+00        1.133635e+01         4.000000e+04         3.408195e+03        3.791036e+00                                           7.672152e+05    8.759082e+02                       76486.8             0.0394442                 0.139954                 0.0667007                9.761000e+03 
3.290345e-03    4.520354e-03    3.918185e-03   1.000000e+01         1.000000e+02         2.934749e+01        1.133635e+01         4.000000e+04         7.448388e+03        4.351470e+00                                           1.942337e+06    1.393677e+03                       1.46229e+05         0.0106266                 0.11261                  0.0366126                8.048000e+03 
3.290345e-03    4.520354e-03    4.021752e-03   1.000000e+02         1.000000e+03         1.231977e+02        1.133635e+01         4.000000e+04         1.971843e+04        4.205295e+00                                           4.760489e+04    2.181854e+02                       9942.57             0.0357934                 0.0778598                0.202583                 6.960000e+02 
3.290345e-03    4.520354e-03    nan            1.000000e+03         1.000000e+04         nan                 1.133635e+01         4.000000e+04         nan                 nan                                                    0.000000e+00    nan                                nan                 nan                       nan                      nan                      nan 
3.290345e-03    4.520354e-03    nan            1.000000e+04         1.000000e+05         nan                 1.133635e+01         4.000000e+04         nan                 nan                                                    0.000000e+00    nan                                nan                 nan                       nan                      nan                      nan 
4.520354e-03    6.210169e-03    5.347348e-03   4.000000e+00         1.000000e+01         6.848028e+00        1.133635e+01         4.000000e+04         3.120225e+03        2.719092e+00                                           9.449071e+05    9.720633e+02                       1.13725e+05         0.0431789                 0.141291                 0.0400472                9.792000e+03 
4.520354e-03    6.210169e-03    5.382329e-03   1.000000e+01         1.000000e+02         3.231419e+01        1.133635e+01         4.000000e+04         6.506848e+03        3.052873e+00                                           2.802207e+06    1.673979e+03                       2.30622e+05         0.00391871                0.119557                 0.0328065                8.599000e+03 
4.520354e-03    6.210169e-03    5.496806e-03   1.000000e+02         1.000000e+03         1.336620e+02        1.133635e+01         4.000000e+04         1.678276e+04        2.890804e+00                                           1.746488e+05    4.179100e+02                       45328.7             0.0354962                 0.125318                 0.163359                 1.304000e+03 
4.520354e-03    6.210169e-03    nan            1.000000e+03         1.000000e+04         nan                 1.133635e+01         4.000000e+04         nan                 nan                                                    0.000000e+00    nan                                nan                 nan                       nan                      nan                      nan 
4.520354e-03    6.210169e-03    nan            1.000000e+04         1.000000e+05         nan                 1.133635e+01         4.000000e+04         nan                 nan                                                    0.000000e+00    nan                                nan                 nan                       nan                      nan                      nan 
6.210169e-03    8.531679e-03    7.336473e-03   4.000000e+00         1.000000e+01         6.836725e+00        1.133635e+01         4.000000e+04         2.600502e+03        1.871778e+00                                           1.038335e+06    1.018987e+03                       1.45529e+05         0.0245914                 0.166059                 0.027233                 9.852000e+03 
6.210169e-03    8.531679e-03    7.380475e-03   1.000000e+01         1.000000e+02         3.500477e+01        1.133635e+01         4.000000e+04         5.689177e+03        2.110259e+00                                           3.907844e+06    1.976827e+03                       3.20476e+05         0.00237839                0.118443                 0.0244503                8.975000e+03 
6.210169e-03    8.531679e-03    7.471169e-03   1.000000e+02         1.000000e+03         1.478091e+02        1.133635e+01         4.000000e+04         1.460922e+04        1.953744e+00                                           4.406200e+05    6.637922e+02                       30290.2             0.0149154                 0.0250223                0.0400267                2.090000e+03 
6.210169e-03    8.531679e-03    nan            1.000000e+03         1.000000e+04         nan                 1.133635e+01         4.000000e+04         nan                 nan                                                    0.000000e+00    nan                                nan                 nan                       nan                      nan                      nan 
6.210169e-03    8.531679e-03    nan            1.000000e+04         1.000000e+05         nan                 1.133635e+01         4.000000e+04         nan                 nan                                                    0.000000e+00    nan                                nan                 nan                       nan                      nan                      nan 
8.531679e-03    1.172102e-02    1.007552e-02   4.000000e+00         1.000000e+01         6.875499e+00        1.133635e+01         4.000000e+04         2.485445e+03        1.305391e+00                                           1.213289e+06    1.101494e+03                       1.61533e+05         0.0340986                 0.137508                 0.018501                 9.870000e+03 
8.531679e-03    1.172102e-02    1.010753e-02   1.000000e+01         1.000000e+02         3.776410e+01        1.133635e+01         4.000000e+04         4.938725e+03        1.435757e+00                                           5.522774e+06    2.350058e+03                       3.39682e+05         0.00332473                0.0921463                0.0284865                9.263000e+03 
8.531679e-03    1.172102e-02    1.024306e-02   1.000000e+02         1.000000e+03         1.651404e+02        1.133635e+01         4.000000e+04         1.265293e+04        1.286227e+00                                           1.002821e+06    1.001409e+03                       67913.2             0.00555204                0.0510872                0.0304623                3.095000e+03 
8.531679e-03    1.172102e-02    nan            1.000000e+03         1.000000e+04         nan                 1.133635e+01         4.000000e+04         nan                 nan                                                    0.000000e+00    nan                                nan                 nan                       nan                      nan                      nan 
8.531679e-03    1.172102e-02    nan            1.000000e+04         1.000000e+05         nan                 1.133635e+01         4.000000e+04         nan                 nan                                                    0.000000e+00    nan                                nan                 nan                       nan                      nan                      nan 
1.172102e-02    1.610262e-02    1.379653e-02   4.000000e+00         1.000000e+01         6.909976e+00        1.133635e+01         4.000000e+04         2.187329e+03        9.462147e-01                                           1.361912e+06    1.167010e+03                       1.42279e+05         0.0303485                 0.108848                 0.0303333                9.909000e+03 
1.172102e-02    1.610262e-02    1.384241e-02   1.000000e+01         1.000000e+02         4.023730e+01        1.133635e+01         4.000000e+04         4.330138e+03        1.033217e+00                                           6.768989e+06    2.601728e+03                       4.33619e+05         0.00245854                0.0966448                0.0262205                9.449000e+03 
1.172102e-02    1.610262e-02    1.403118e-02   1.000000e+02         1.000000e+03         1.848536e+02        1.133635e+01         4.000000e+04         1.106249e+04        8.693124e-01                                           1.877932e+06    1.370377e+03                       93408.7             0.00295519                0.043202                 0.0138558                4.701000e+03 
1.172102e-02    1.610262e-02    nan            1.000000e+03         1.000000e+04         nan                 1.133635e+01         4.000000e+04         nan                 nan                                                    0.000000e+00    nan                                nan                 nan                       nan                      nan                      nan 
1.172102e-02    1.610262e-02    nan            1.000000e+04         1.000000e+05         nan                 1.133635e+01         4.000000e+04         nan                 nan                                                    0.000000e+00    nan                                nan                 nan                       nan                      nan                      nan 
1.610262e-02    2.212216e-02    1.895075e-02   4.000000e+00         1.000000e+01         6.893535e+00        1.133635e+01         4.000000e+04         2.056456e+03        6.792414e-01                                           1.464497e+06    1.210164e+03                       1.1631e+05          0.022306                  0.121363                 0.0391878                9.909000e+03 
1.610262e-02    2.212216e-02    1.902026e-02   1.000000e+01         1.000000e+02         4.247927e+01        1.133635e+01         4.000000e+04         3.831401e+03        7.293481e-01                                           8.448622e+06    2.906651e+03                       4.65156e+05         0.00196471                0.0842704                0.0276131                9.595000e+03 
1.610262e-02    2.212216e-02    1.919926e-02   1.000000e+02         1.000000e+03         2.062567e+02        1.133635e+01         4.000000e+04         9.589380e+03        5.835483e-01                                           3.160025e+06    1.777646e+03                       23626.2             0.00612475                0.0176865                0.009783                 6.104000e+03 
1.610262e-02    2.212216e-02    2.053792e-02   1.000000e+03         1.000000e+04         1.213774e+03        1.133635e+01         4.000000e+04         3.327014e+04        3.445872e-01                                           7.263098e+02    2.695014e+01                       15833.6             0.8                       1.9                      20.3                     7.000000e+01 
1.610262e-02    2.212216e-02    nan            1.000000e+04         1.000000e+05         nan                 1.133635e+01         4.000000e+04         nan                 nan                                                    0.000000e+00    nan                                nan                 nan                       nan                      nan                      nan 
2.212216e-02    3.039195e-02    2.580571e-02   4.000000e+00         1.000000e+01         7.337459e+00        1.133635e+01         4.000000e+04         1.936744e+03        4.864693e-01                                           1.218154e+06    1.103700e+03                       31098.5             0.0147867                 0.0951185                0.133365                 8.446000e+03 
2.212216e-02    3.039195e-02    2.613163e-02   1.000000e+01         1.000000e+02         4.383112e+01        1.133635e+01         4.000000e+04         3.387334e+03        5.043036e-01                                           1.019436e+07    3.192861e+03                       3.58337e+05         0.00376556                0.06222                  0.0322782                9.707000e+03 
2.212216e-02    3.039195e-02    2.637708e-02   1.000000e+02         1.000000e+03         2.328117e+02        1.133635e+01         4.000000e+04         8.408133e+03        3.788750e-01                                           5.199491e+06    2.280239e+03                       1.70345e+05         0.003514                  0.00806091               0.0264828                7.149000e+03 
2.212216e-02    3.039195e-02    2.725675e-02   1.000000e+03         1.000000e+04         1.115768e+03        1.133635e+01         4.000000e+04         2.518279e+04        2.397564e-01                                           1.289766e+04    1.135679e+02                       17810.2             0.0632353                 0.144118                 1.38676                  2.360000e+02 
2.212216e-02    3.039195e-02    nan            1.000000e+04         1.000000e+05         nan                 1.133635e+01         4.000000e+04         nan                 nan                                                    0.000000e+00    nan                                nan                 nan                       nan                      nan                      nan 
3.039195e-02    4.175319e-02    3.512532e-02   4.000000e+00         1.000000e+01         8.262436e+00        1.133635e+01         4.000000e+04         1.827202e+03        3.443140e-01                                           8.157280e+05    9.031766e+02                       1.05035e+05         0.00602916                0.13153                  0.222214                 5.220000e+03 
3.039195e-02    4.175319e-02    3.591172e-02   1.000000e+01         1.000000e+02         4.519538e+01        1.133635e+01         4.000000e+04         3.007864e+03        3.425335e-01                                           1.117205e+07    3.342462e+03                       4.65964e+05         0.000731563               0.0622797                0.0191964                9.772000e+03 
3.039195e-02    4.175319e-02    3.619380e-02   1.000000e+02         1.000000e+03         2.582405e+02        1.133635e+01         4.000000e+04         7.354246e+03        2.435065e-01                                           8.336197e+06    2.887247e+03                       2.06797e+05         0.00155074                0.00531787               0.0251544                7.913000e+03 
3.039195e-02    4.175319e-02    3.723845e-02   1.000000e+03         1.000000e+04         1.197983e+03        1.133635e+01         4.000000e+04         2.089999e+04        1.453976e-01                                           8.555455e+04    2.924971e+02                       34770.2             0.0132479                 0.0527778                0.519231                 6.130000e+02 
3.039195e-02    4.175319e-02    nan            1.000000e+04         1.000000e+05         nan                 1.133635e+01         4.000000e+04         nan                 nan                                                    0.000000e+00    nan                                nan                 nan                       nan                      nan                      nan 
4.175319e-02    5.736153e-02    4.542632e-02   4.000000e+00         1.000000e+01         9.267207e+00        1.133635e+01         4.000000e+04         1.875454e+03        2.555802e-01                                           2.707363e+05    5.203233e+02                       89207.0             0.0173516                 0.0930594                0.389772                 1.315000e+03 
4.175319e-02    5.736153e-02    4.926916e-02   1.000000e+01         1.000000e+02         4.638627e+01        1.133635e+01         4.000000e+04         2.738639e+03        2.298542e-01                                           1.213054e+07    3.482893e+03                       1.24153e+05         0.00131048                0.0436853                0.0262519                9.825000e+03 
4.175319e-02    5.736153e-02    4.959956e-02   1.000000e+02         1.000000e+03         2.830973e+02        1.133635e+01         4.000000e+04         6.506769e+03        1.547764e-01                                           1.128492e+07    3.359304e+03                       5.12407e+05         0.00104604                0.0154342                0.0319954                8.476000e+03 
4.175319e-02    5.736153e-02    5.068763e-02   1.000000e+03         1.000000e+04         1.282570e+03        1.133635e+01         4.000000e+04         1.746004e+04        8.558176e-02                                           3.310125e+05    5.753368e+02                       53965.1             0.00763636                0.0447879                0.21897                  1.092000e+03 
4.175319e-02    5.736153e-02    nan            1.000000e+04         1.000000e+05         nan                 1.133635e+01         4.000000e+04         nan                 nan                                                    0.000000e+00    nan                                nan                 nan                       nan                      nan                      nan 
5.736153e-02    7.880463e-02    nan            4.000000e+00         1.000000e+01         nan                 1.133635e+01         4.000000e+04         nan                 nan                                                    0.000000e+00    nan                                nan                 nan                       nan                      nan                      nan 
5.736153e-02    7.880463e-02    6.738111e-02   1.000000e+01         1.000000e+02         4.888547e+01        1.133635e+01         4.000000e+04         2.531195e+03        1.531002e-01                                           1.284351e+07    3.583784e+03                       3.08882e+05         0.00238385                0.01809                  0.0399814                9.542000e+03 
5.736153e-02    7.880463e-02    6.789764e-02   1.000000e+02         1.000000e+03         3.052387e+02        1.133635e+01         4.000000e+04         5.757536e+03        9.794357e-02                                           1.565141e+07    3.956186e+03                       8.62104e+05         0.00233624                0.0217407                0.0247729                8.888000e+03 
5.736153e-02    7.880463e-02    6.880653e-02   1.000000e+03         1.000000e+04         1.379844e+03        1.133635e+01         4.000000e+04         1.490107e+04        4.866292e-02                                           9.462266e+05    9.727418e+02                       14362.4             0.00413534                0.0815555                0.0667763                1.846000e+03 
5.736153e-02    7.880463e-02    nan            1.000000e+04         1.000000e+05         nan                 1.133635e+01         4.000000e+04         nan                 nan                                                    0.000000e+00    nan                                nan                 nan                       nan                      nan                      nan 
7.880463e-02    1.082637e-01    nan            4.000000e+00         1.000000e+01         nan                 1.133635e+01         4.000000e+04         nan                 nan                                                    0.000000e+00    nan                                nan                 nan                       nan                      nan                      nan 
7.880463e-02    1.082637e-01    9.250010e-02   1.000000e+01         1.000000e+02         5.293095e+01        1.133635e+01         4.000000e+04         2.383872e+03        1.064673e-01                                           1.120098e+07    3.346786e+03                       8.00623e+05         0.00100654                0.025823                 0.0482975                9.085000e+03 
7.880463e-02    1.082637e-01    9.305512e-02   1.000000e+02         1.000000e+03         3.266540e+02        1.133635e+01         4.000000e+04         5.132917e+03        6.770059e-02                                           1.833592e+07    4.282047e+03                       1.47872e+06         0.000718702               0.0471599                0.0294721                9.195000e+03 
7.880463e-02    1.082637e-01    9.398068e-02   1.000000e+03         1.000000e+04         1.513797e+03        1.133635e+01         4.000000e+04         1.312422e+04        3.053178e-02                                           1.763215e+06    1.327861e+03                       32365.2             0.0025683                 0.0652021                0.0528012                2.847000e+03 
7.880463e-02    1.082637e-01    nan            1.000000e+04         1.000000e+05         nan                 1.133635e+01         4.000000e+04         nan                 nan                                                    0.000000e+00    nan                                nan                 nan                       nan                      nan                      nan 
1.082637e-01    1.487352e-01    nan            4.000000e+00         1.000000e+01         nan                 1.133635e+01         4.000000e+04         nan                 nan                                                    0.000000e+00    nan                                nan                 nan                       nan                      nan                      nan 
1.082637e-01    1.487352e-01    1.267665e-01   1.000000e+01         1.000000e+02         5.736544e+01        1.133635e+01         4.000000e+04         2.274323e+03        7.211287e-02                                           1.040836e+07    3.226199e+03                       1.38308e+06         0.00166463                0.0817146                0.0663004                8.412000e+03 
1.082637e-01    1.487352e-01    1.277243e-01   1.000000e+02         1.000000e+03         3.440114e+02        1.133635e+01         4.000000e+04         4.599974e+03        4.526137e-02                                           2.230383e+07    4.722693e+03                       2.72325e+06         0.000754319               0.0895125                0.0362551                9.349000e+03 
1.082637e-01    1.487352e-01    1.287480e-01   1.000000e+03         1.000000e+04         1.631425e+03        1.133635e+01         4.000000e+04         1.135524e+04        1.839144e-02                                           2.843171e+06    1.686171e+03                       2.07987e+05         0.00246476                0.087964                 0.0156815                4.303000e+03 
1.082637e-01    1.487352e-01    nan            1.000000e+04         1.000000e+05         nan                 1.133635e+01         4.000000e+04         nan                 nan                                                    0.000000e+00    nan                                nan                 nan                       nan                      nan                      nan 
1.487352e-01    2.043360e-01    nan            4.000000e+00         1.000000e+01         nan                 1.133635e+01         4.000000e+04         nan                 nan                                                    0.000000e+00    nan                                nan                 nan                       nan                      nan                      nan 
1.487352e-01    2.043360e-01    1.740996e-01   1.000000e+01         1.000000e+02         6.303147e+01        1.133635e+01         4.000000e+04         2.168626e+03        4.653491e-02                                           8.961731e+06    2.993615e+03                       1.77896e+06         0.00277391                0.138956                 0.0852905                7.365000e+03 
1.487352e-01    2.043360e-01    1.755107e-01   1.000000e+02         1.000000e+03         3.584379e+02        1.133635e+01         4.000000e+04         4.162478e+03        2.924169e-02                                           2.595534e+07    5.094639e+03                       4.2048e+06          0.00101455                0.131151                 0.0438353                9.574000e+03 
1.487352e-01    2.043360e-01    1.766491e-01   1.000000e+03         1.000000e+04         1.764570e+03        1.133635e+01         4.000000e+04         1.011556e+04        1.091795e-02                                           3.859449e+06    1.964548e+03                       4.18206e+05         0.00173641                0.0976225                0.0052698                5.748000e+03 
1.487352e-01    2.043360e-01    1.989580e-01   1.000000e+04         1.000000e+05         1.026509e+04        1.133635e+01         4.000000e+04         2.995005e+04        9.446643e-04                                           3.943024e+01    6.279350e+00                       161.664             0.1                       0.9                      2.5                      3.900000e+01 
2.043360e-01    2.807216e-01    nan            4.000000e+00         1.000000e+01         nan                 1.133635e+01         4.000000e+04         nan                 nan                                                    0.000000e+00    nan                                nan                 nan                       nan                      nan                      nan 
2.043360e-01    2.807216e-01    2.381610e-01   1.000000e+01         1.000000e+02         7.031881e+01        1.133635e+01         4.000000e+04         2.081117e+03        2.802495e-02                                           6.444797e+06    2.538660e+03                       1.74422e+06         0.00106932                0.197608                 0.109361                 6.011000e+03 
2.043360e-01    2.807216e-01    2.408476e-01   1.000000e+02         1.000000e+03         3.720281e+02        1.133635e+01         4.000000e+04         3.814481e+03        1.768411e-02                                           2.303623e+07    4.799607e+03                       4.56227e+06         0.000768498               0.168816                 0.0419349                9.656000e+03 
2.043360e-01    2.807216e-01    2.423266e-01   1.000000e+03         1.000000e+04         1.852833e+03        1.133635e+01         4.000000e+04         9.011945e+03        6.310387e-03                                           4.802940e+06    2.191561e+03                       6.61158e+05         0.00297135                0.106172                 0.0375306                6.884000e+03 
2.043360e-01    2.807216e-01    2.530534e-01   1.000000e+04         1.000000e+05         1.122114e+04        1.133635e+01         4.000000e+04         2.681086e+04        4.445492e-04                                           1.015974e+03    3.187434e+01                       1904.95             0.05                      0.1875                   1.7125                   2.090000e+02 
2.807216e-01    3.856620e-01    nan            4.000000e+00         1.000000e+01         nan                 1.133635e+01         4.000000e+04         nan                 nan                                                    0.000000e+00    nan                                nan                 nan                       nan                      nan                      nan 
2.807216e-01    3.856620e-01    3.230006e-01   1.000000e+01         1.000000e+02         7.936326e+01        1.133635e+01         4.000000e+04         2.050466e+03        1.485984e-02                                           3.534267e+06    1.879965e+03                       1.1678e+06          0.00304507                0.230137                 0.1444                   4.115000e+03 
2.807216e-01    3.856620e-01    3.289154e-01   1.000000e+02         1.000000e+03         3.811729e+02        1.133635e+01         4.000000e+04         3.493818e+03        9.255415e-03                                           2.177218e+07    4.666067e+03                       4.55167e+06         0.00044604                0.187955                 0.0376101                9.731000e+03 
2.807216e-01    3.856620e-01    3.308831e-01   1.000000e+03         1.000000e+04         1.957152e+03        1.133635e+01         4.000000e+04         8.093009e+03        3.170501e-03                                           5.990209e+06    2.447490e+03                       8.12387e+05         0.00244037                0.0857663                0.0557936                7.706000e+03 
2.807216e-01    3.856620e-01    3.476011e-01   1.000000e+04         1.000000e+05         1.125185e+04        1.133635e+01         4.000000e+04         2.239738e+04        1.919641e-04                                           5.544127e+03    7.445890e+01                       4794.04             0.0852941                 0.102941                 0.591176                 4.670000e+02 
3.856620e-01    5.298317e-01    nan            4.000000e+00         1.000000e+01         nan                 1.133635e+01         4.000000e+04         nan                 nan                                                    0.000000e+00    nan                                nan                 nan                       nan                      nan                      nan 
3.856620e-01    5.298317e-01    4.249833e-01   1.000000e+01         1.000000e+02         8.969611e+01        1.133635e+01         4.000000e+04         1.975009e+03        7.810444e-03                                           8.942677e+05    9.456573e+02                       3.36563e+05         0.00748284                0.235599                 0.191764                 1.601000e+03 
3.856620e-01    5.298317e-01    4.438312e-01   1.000000e+02         1.000000e+03         3.917650e+02        1.133635e+01         4.000000e+04         3.174070e+03        4.161779e-03                                           1.436271e+07    3.789817e+03                       1.59116e+06         0.000560856               0.108505                 0.0184458                9.798000e+03 
3.856620e-01    5.298317e-01    4.453166e-01   1.000000e+03         1.000000e+04         2.058020e+03        1.133635e+01         4.000000e+04         7.301029e+03        1.399895e-03                                           4.124259e+06    2.030827e+03                       77388.4             0.00223427                0.0513002                0.0989246                8.281000e+03 
3.856620e-01    5.298317e-01    4.516451e-01   1.000000e+04         1.000000e+05         1.259017e+04        1.133635e+01         4.000000e+04         2.084057e+04        7.451816e-05                                           1.043092e+04    1.021319e+02                       16366.6             0.0666667                 0.921429                 0.435714                 9.810000e+02 
5.298317e-01    7.278954e-01    nan            4.000000e+00         1.000000e+01         nan                 1.133635e+01         4.000000e+04         nan                 nan                                                    0.000000e+00    nan                                nan                 nan                       nan                      nan                      nan 
5.298317e-01    7.278954e-01    5.313618e-01   1.000000e+01         1.000000e+02         9.992658e+01        1.133635e+01         4.000000e+04         3.737231e+02        1.819865e-03                                           0.000000e+00    0.000000e+00                       0.0                 0.6                       0.7                      0.85                     0.000000e+00 
5.298317e-01    7.278954e-01    5.972959e-01   1.000000e+02         1.000000e+03         4.062942e+02        1.133635e+01         4.000000e+04         2.921169e+03        9.727738e-04                                           4.531266e+06    2.128677e+03                       2.69517e+06         0.00482963                0.506074                 0.315022                 9.642000e+03 
5.298317e-01    7.278954e-01    6.014696e-01   1.000000e+03         1.000000e+04         2.176630e+03        1.133635e+01         4.000000e+04         6.490730e+03        2.922412e-04                                           1.750070e+06    1.322902e+03                       1.29656e+06         0.00316228                0.839635                 0.0230925                8.705000e+03 
5.298317e-01    7.278954e-01    6.205184e-01   1.000000e+04         1.000000e+05         1.324295e+04        1.133635e+01         4.000000e+04         1.884629e+04        2.010234e-05                                           9.841805e+03    9.920587e+01                       18287.4             0.0325581                 1.58837                  0.127907                 1.527000e+03 
7.278954e-01    1.000000e+00    nan            4.000000e+00         1.000000e+01         nan                 1.133635e+01         4.000000e+04         nan                 nan                                                    0.000000e+00    nan                                nan                 nan                       nan                      nan                      nan 
7.278954e-01    1.000000e+00    nan            1.000000e+01         1.000000e+02         nan                 1.133635e+01         4.000000e+04         nan                 nan                                                    0.000000e+00    nan                                nan                 nan                       nan                      nan                      nan 
7.278954e-01    1.000000e+00    7.806070e-01   1.000000e+02         1.000000e+03         4.386978e+02        1.133635e+01         4.000000e+04         2.824554e+03        9.942208e-05                                           3.996464e+05    6.321759e+02                       3.03159e+06         0.0218627                 5.97868                  3.36363                  8.943000e+03 
7.278954e-01    1.000000e+00    7.802496e-01   1.000000e+03         1.000000e+04         2.246704e+03        1.133635e+01         4.000000e+04         5.856639e+03        2.893009e-05                                           1.823035e+05    4.269702e+02                       1.57959e+06         0.0180736                 8.42294                  1.70639                  8.962000e+03 
7.278954e-01    1.000000e+00    7.717041e-01   1.000000e+04         1.000000e+05         1.604945e+04        1.133635e+01         4.000000e+04         1.758430e+04        1.501260e-06                                           1.382553e+03    3.718269e+01                       24167.0             0.06                      19.98                    0.52                     2.476000e+03 
