0  0  0.11390147448035
0  1  0.4561160785161
0  2  2.0430736316729
0  3  0.38872428913787604
0  4  3.1726162889790004
0  5  0.52877191189376
0  6  6.2242652690383
0  7  2.09639886877195
0  8  13.945487135971101
0  9  4.227135540076199
0  10  17.512142998293
0  11  4.6807814056532
0  12  19.714979851024
0  13  15.493192908248
0  14  43.246086761358
0  15  11.461871786703
0  16  44.670179343809
0  17  39.35710741686
0  18  1.6029258141457572
0  19  40.402080800583
0  20  58.98956745765
0  21  7.062636663349829
0  22  86.42103920564
0  23  87.20349150121999
0  24  19.2576053862565
0  25  77.79740962426601
0  26  228.015203232168
0  27  27.157016657899
0  28  21.403647555461
0  29  212.12698711527003
0  30  59.014861284329
0  31  324.89511643252
0  32  54.932303492276
0  33  642.4171611077999
0  34  110.57440106575001
0  35  301.91339757839
0  36  86.59174214282001
0  37  4.176266297091384
0  38  458.268891089583
0  39  218.71716512106497
0  40  25.9691273656939
0  41  728.5994594864501
0  42  1038.61229833061
0  43  56.693023256265704
0  44  276.300806673308
0  45  451.925068014642
0  46  50.2092775010586
0  47  86.26209882539798
0  48  357.53017269170005
0  49  92.85221592411801
0  50  0.068331196634518
0  51  1731.30533764756
0  52  116.615156174005
0  53  890.7523071947901
0  54  264.208417492727
1  0  0.4561160785161
1  1  2.3326694968929997
1  2  10.698663050069
1  3  1.3870827293769799
1  4  12.292187450250001
1  5  2.1445319389448
1  6  28.35018444309
1  7  7.8583767493200005
1  8  66.5478876357
1  9  17.027632721719996
1  10  79.05145100377999
1  11  19.743872720728
1  12  91.85521462268001
1  13  72.48629264238
1  14  219.90714128219997
1  15  82.48723799805
1  16  219.51921962479997
1  17  188.3227411309
1  18  5.2161745082093
1  19  176.46628056251998
1  20  371.0299666579
1  21  23.422990354113757
1  22  350.2585410127999
1  23  398.0412680083
1  24  65.54927696566
1  25  291.88371400840003
1  26  966.4778706995999
1  27  105.39486872744001
1  28  79.06202692416
1  29  1175.585097792
1  30  251.50557060405998
1  31  1161.1700120645999
1  32  216.72090987423996
1  33  2579.6577003469997
1  34  560.5424447773
1  35  1242.0062404216
1  36  528.2707102212
1  37  13.616202412273019
1  38  1662.94044140052
1  39  938.1292483038999
1  40  85.43847367552199
1  41  2907.045903821
1  42  4447.0515635294
1  43  204.17815056938798
1  44  976.9745481863199
1  45  1736.9960042812
1  46  177.19360338804398
1  47  307.23280467131997
1  48  1453.3802510501
1  49  317.1344243414
1  50  0.33044151645825
1  51  7130.0858545104
1  52  596.8861184617
1  53  3435.7898165506003
1  54  926.68240262798
2  0  2.0430736316729
2  1  10.698663050069
2  2  49.402066478915
2  3  6.003766216110619
2  4  55.42982380837
2  5  9.571049331399198
2  6  125.329897865675
2  7  33.9476010729125
2  8  295.912590808595
2  9  74.60661147882999
2  10  354.10092160096997
2  11  93.03010200583199
2  12  424.90148851712
2  13  342.92940011502003
2  14  985.8628127452998
2  15  378.91097718214996
2  16  979.5999027522499
2  17  859.0933754304
2  18  22.120118815017847
2  19  833.37078329933
2  20  1836.0249402222998
2  21  100.33460337230957
2  22  1532.3691031735998
2  23  1783.5897250023997
2  24  281.45171290691496
2  25  1263.7351613345
2  26  4252.799539874999
2  27  464.21886211970997
2  28  354.20201761788996
2  29  5706.7032602181
2  30  1151.51158362439
2  31  5034.156910863399
2  32  966.4877946273599
2  33  11585.904398128
2  34  2679.7455180591
2  35  5600.5943229909
2  36  2568.1609410188
2  37  57.98336223664532
2  38  7416.22090576893
2  39  4464.00711265815
2  40  365.6194952785729
2  41  13318.8407401755
2  42  20973.892950339097
2  43  904.804429738167
2  44  4332.82232104188
2  45  7677.008749461699
2  46  768.546633345046
2  47  1329.86565742718
2  48  6641.225698528
2  49  1381.7104172761
2  50  1.5175958109974799
2  51  33517.0633780136
2  52  3024.4342209803503
2  53  15772.6553720389
2  54  4100.06141247057
3  0  0.38872428913787604
3  1  1.3870827293769799
3  2  6.003766216110619
3  3  1.4501647387128602
3  4  10.661227173845202
3  5  1.8211758518295922
3  6  21.874125644267572
3  7  7.858712426054556
3  8  47.96996175425159
3  9  15.30340232816578
3  10  59.1131427176555
3  11  13.463342014488358
3  12  59.198910253156406
3  13  42.427553601933
3  14  143.7495353252042
3  15  31.450603163439197
3  16  151.45582280101007
3  17  123.830892391887
3  18  6.2189204267604765
3  19  114.01895374697389
3  20  99.06967835032
3  21  26.89103063824312
3  22  314.039609827196
3  23  293.713711296097
3  24  73.02271770204145
3  25  290.1427843792154
3  26  814.8292130970551
3  27  97.1078750610975
3  28  73.4977045973785
3  29  466.070127005631
3  30  187.05399826878073
3  31  1207.694667032134
3  32  189.9762530907708
3  33  2175.5296496410897
3  34  279.09936052404
3  35  1008.167390860047
3  36  175.10544017441
3  37  16.075972110198173
3  38  1593.7967390880217
3  39  602.8415672115615
3  40  99.04962927569693
3  41  2329.421685352935
3  42  2963.733661454443
3  43  200.33108940415582
3  44  975.3838876880723
3  45  1602.5852238689217
3  46  186.44902300221958
3  47  321.7723107846074
3  48  1148.9708045682191
3  49  341.4825680128402
3  50  0.2091798311817451
3  51  5055.494270967548
3  52  202.2289170364255
3  53  2846.219836504657
3  54  938.2275276628822
4  0  3.1726162889790004
4  1  12.292187450250001
4  2  55.42982380837
4  3  10.661227173845202
4  4  90.09586871630002
4  5  14.589330991072
4  6  162.45992265305003
4  7  56.43765833112501
4  8  361.63456048725004
4  9  113.5059884967
4  10  469.84617375470003
4  11  139.49572682692
4  12  555.7866426072001
4  13  454.7491681472
4  14  1112.592530569
4  15  268.4965908235
4  16  1153.5452468395
4  17  1072.122607748
4  18  44.0511831257395
4  19  1199.8744478233
4  20  1793.778036109
4  21  195.3900111853299
4  22  2310.195578068
4  23  2332.2916308599997
4  24  530.19774484115
4  25  2100.614161459
4  26  6058.7261646239995
4  27  744.0967876841
4  28  609.7009228279001
4  29  6321.100852928999
4  30  1673.7197117259002
4  31  8926.157558244
4  32  1526.2928381956
4  33  17954.45692248
4  34  3252.437042043
4  35  8433.505126969001
4  36  2536.0401439380003
4  37  115.28890254914229
4  38  13032.1393272273
4  39  6601.5029502955
4  40  719.26947880673
4  41  21036.470833175
4  42  30905.413745111
4  43  1601.4236255528701
4  44  7851.5597026468
4  45  12483.437820103001
4  46  1385.58769201006
4  47  2367.3492658538
4  48  10232.876703008002
4  49  2602.242074357
4  50  1.8797796856692
4  51  51655.10490299601
4  52  3837.0888626375
4  53  26002.726388109004
4  54  7500.348569327701
5  0  0.52877191189376
5  1  2.1445319389448
5  2  9.571049331399198
5  3  1.8211758518295922
5  4  14.589330991072
5  5  2.46605708659232
5  6  29.7624254693252
5  7  9.9050819276798
5  8  66.8354904492524
5  9  19.9792375371208
5  10  82.67339336869999
5  11  20.946824294001598
5  12  90.76888393342401
5  13  69.81261294299999
5  14  207.803954788712
5  15  56.931590167712
5  16  214.399053872036
5  17  184.27722100092
5  18  7.509846620046268
5  19  181.06264196788396
5  20  259.1173311688
5  21  32.973198129235726
5  22  409.30277277775997
5  23  412.23344654211996
5  24  90.09858903116199
5  25  367.05071509594404
5  26  1082.350275036672
5  27  127.16255835966001
5  28  98.3251895461
5  29  945.08535533916
5  30  271.21850276489204
5  31  1520.8004003466401
5  32  255.38449525684803
5  33  2977.1260290004
5  34  497.01394265760007
5  35  1399.07025043932
5  36  388.7870321564
5  37  19.52215857715033
5  38  2107.527529585164
5  39  971.51950693974
5  40  121.18244495518279
5  41  3320.0833497606
5  42  4650.82890040108
5  43  261.6578798869236
5  44  1271.554979558544
5  45  2107.903570358248
5  46  234.5414310754648
5  47  404.020177187144
5  48  1636.3596949812404
5  49  430.540094190472
5  50  0.318338672809036
5  51  7745.351826382881
5  52  489.80117304598
5  53  4036.80964375492
5  54  1216.658012172276
6  0  6.2242652690383
6  1  28.35018444309
6  2  125.329897865675
6  3  21.874125644267572
6  4  162.45992265305003
6  5  29.7624254693252
6  6  410.75723302894903
6  7  124.91094067201601
6  8  940.152291464803
6  9  255.95465448027602
6  10  1079.68183961663
6  11  204.51587574353
6  12  1064.39671114436
6  13  732.00845615043
6  14  2994.43615792804
6  15  996.3382109517399
6  16  3052.5303691114696
6  17  2353.3153474382
6  18  88.66927302674152
6  19  1801.8286233361
6  20  2613.3545384965
6  21  383.9911877036635
6  22  5297.6582961242
6  23  5428.1792621038
6  24  1065.4134087688
6  25  4599.67167774318
6  26  14275.92253068894
6  27  1549.3807449088902
6  28  1077.27409946951
6  29  9835.348691252999
6  30  3080.5490555683
6  31  18195.3651327479
6  32  3017.4766670627
6  33  34766.036260739995
6  34  5270.596623845
6  35  16424.315993531
6  36  4370.6182490857
6  37  228.0451156735067
6  38  23134.218785473502
6  39  9100.5717585071
6  40  1405.723089525718
6  41  35457.774971365005
6  42  45787.56810480601
6  43  2921.9650416784407
6  44  13930.701756589398
6  45  25160.739741302263
6  46  2771.51552608978
6  47  4844.1352939932995
6  48  17978.6669304552
6  49  4871.24659203444
6  50  3.9853784789585602
6  51  74953.869096997
6  52  3191.9043548526997
6  53  41449.52170157801
6  54  13350.236814487302
7  0  2.09639886877195
7  1  7.8583767493200005
7  2  33.9476010729125
7  3  7.858712426054556
7  4  56.43765833112501
7  5  9.9050819276798
7  6  124.91094067201601
7  7  43.27439320207525
7  8  276.460542337102
7  9  84.851183738709
7  10  331.22157345722
7  11  67.988735375975
7  12  319.6227378460401
7  13  219.47590624654504
7  14  839.2457051316101
7  15  208.23991132891
7  16  878.24646501623
7  17  690.2643565785501
7  18  33.492973209905344
7  19  579.144647326975
7  20  494.15214873925004
7  21  144.25640770803423
7  22  1747.2975452243
7  23  1651.18610845645
7  24  393.6236708527375
7  25  1594.5790636456202
7  26  4568.717759152711
7  27  529.3422768684101
7  28  387.03366715619006
7  29  2390.51565995475
7  30  997.271615598175
7  31  6537.01630955585
7  32  1025.5994665764501
7  33  11702.149448917498
7  34  1448.0495875265
7  35  5434.20827909375
7  36  932.8689732545502
7  37  86.30692020486835
7  38  8398.150593630075
7  39  2995.033031446775
7  40  530.6982809365945
7  41  12158.493457648752
7  42  15004.184775014251
7  43  1061.3509702071276
7  44  5136.6410016218
7  45  8676.968802589841
7  46  1005.209136950635
7  47  1742.7537601714
7  48  6054.911461498051
7  49  1816.2720352262102
7  50  1.1582110102113652
7  51  25471.0155731695
7  52  812.251770165175
7  53  14665.758996586752
7  54  4943.457627317125
8  0  13.945487135971101
8  1  66.5478876357
8  2  295.912590808595
8  3  47.96996175425159
8  4  361.63456048725004
8  5  66.8354904492524
8  6  940.152291464803
8  7  276.460542337102
8  8  2169.0244886436412
8  9  573.734254499172
8  10  2471.58726545841
8  11  464.99636967479
8  12  2463.4012446917204
8  13  1705.10877409601
8  14  6984.38931302988
8  15  2449.5923987512797
8  16  7077.80484801809
8  17  5456.5197038604
8  18  191.339861410327
8  19  4131.7574781849
8  20  6682.8480381285
8  21  830.8295528899871
8  22  11886.9954276134
8  23  12449.5742556056
8  24  2316.5849730546997
8  25  10181.36524433146
8  26  32284.895271948182
8  27  3450.1096437772303
8  28  2374.4960276275706
8  29  24042.149218232997
8  30  6996.2212588277
8  31  39910.7320431373
8  32  6740.6747275133
8  33  77941.28771685
8  34  12534.955073086001
8  35  37000.301527403004
8  36  10900.4563697999
8  37  492.0525761573086
8  38  50811.9844744947
8  39  20807.3980036937
8  40  3036.950258997466
8  41  79438.402581895
8  42  104487.319001066
8  43  6410.229773059061
8  44  30440.969887265
8  45  55924.36539593622
8  46  6064.1542081131
8  47  10619.3534796643
8  48  40434.228455107404
8  49  10584.450770982681
8  50  9.27106796407042
8  51  169401.37088236303
8  52  7984.4759836549
8  53  92169.32796054202
8  54  29127.9814520579
9  0  4.227135540076199
9  1  17.027632721719996
9  2  74.60661147882999
9  3  15.30340232816578
9  4  113.5059884967
9  5  19.9792375371208
9  6  255.95465448027602
9  7  84.851183738709
9  8  573.734254499172
9  9  169.32364489632397
9  10  683.57216719972
9  11  144.21241788938
9  12  682.89672956224
9  13  482.22212827541995
9  14  1775.39804613396
9  15  495.25038823476
9  16  1838.0411027072796
9  17  1464.0124554397999
9  18  63.96562870697524
9  19  1243.7273257683
9  20  1436.805003839
9  21  276.97608163234366
9  22  3487.9028685267995
9  23  3416.0668558921993
9  24  759.1456549401499
9  25  3129.67486168832
9  26  9217.02537442356
9  27  1052.25711310216
9  28  768.78486831144
9  29  5908.743823766999
9  30  2066.7156914699
9  31  12740.004375456598
9  32  2057.2906168526
9  33  23644.552457349993
9  34  3324.1975568059997
9  35  11059.024262170999
9  36  2436.0533480058
9  37  165.04946169227844
9  38  16592.9950074759
9  39  6454.5044923858995
9  40  1017.5036348327219
9  41  24844.771463455
9  42  31991.937538536997
9  43  2088.49478876267
9  44  10079.119459615998
9  45  17247.27726707624
9  46  1955.5258046878998
9  47  3392.7682091195998
9  48  12400.2376801618
9  49  3520.7616325315603
9  50  2.47905304064994
9  51  53550.578668266004
9  52  2276.0124931763003
9  53  29788.047928379
9  54  9677.5564995433
10  0  17.512142998293
10  1  79.05145100377999
10  2  354.10092160096997
10  3  59.1131427176555
10  4  469.84617375470003
10  5  82.67339336869999
10  6  1079.68183961663
10  7  331.22157345722
10  8  2471.58726545841
10  9  683.57216719972
10  10  2931.6673490396997
10  11  661.0608101472599
10  12  3126.9824415868
10  13  2322.7977837916997
10  14  7886.642597126799
10  15  2568.1158634798
10  16  8026.431607916898
10  17  6585.77305513
10  18  237.3442915089557
10  19  5806.820156583399
10  20  9446.718868215
10  21  1040.816013288366
10  22  14079.050747413998
10  23  14705.004774313998
10  24  2876.8410753862
10  25  12246.9151910346
10  26  37908.7606030338
10  27  4231.8541780251
10  28  3111.3431270868996
10  29  33158.353141026
10  30  9016.525790334199
10  31  49308.566597624995
10  32  8437.8347258898
10  33  98386.68762723998
10  34  17016.30921581
10  35  46609.888188102
10  36  14425.825329423
10  37  614.6981270400059
10  38  66445.94805973739
10  39  30426.594693183
10  40  3812.8976021818994
10  41  106204.82764881
10  42  147795.56348956798
10  43  8285.40277316036
10  44  39814.5992614164
10  45  69457.2997138662
10  46  7547.38222664388
10  47  13099.7147099174
10  48  53111.34436987201
10  49  13531.3697253588
10  50  11.332643062764
10  51  242091.972730238
10  52  14887.443822631001
10  53  126312.458742992
10  54  38044.599924418595
11  0  4.6807814056532
11  1  19.743872720728
11  2  93.03010200583199
11  3  13.463342014488358
11  4  139.49572682692
11  5  20.946824294001598
11  6  204.51587574353
11  7  67.988735375975
11  8  464.99636967479
11  9  144.21241788938
11  10  661.0608101472599
11  11  265.31981977541597
11  12  958.35597646056
11  13  883.9889738763599
11  14  1484.2108921849997
11  15  393.58455761539994
11  16  1504.4183355956998
11  17  1684.4972099906
11  18  52.225589128451894
11  19  2307.3932010781396
11  20  4552.674309114
11  21  242.8099183411996
11  22  2890.9653847559994
11  23  3273.5419126397996
11  24  656.81923453677
11  25  2569.4813610634
11  26  7696.690054934399
11  27  1001.67847310038
11  28  924.38068700602
11  29  14209.578607260599
11  30  2757.47062523382
11  31  11377.999257593197
11  32  2204.9429118960797
11  33  26888.342797093996
11  34  6695.410968122
11  35  12836.056017318198
11  36  5861.401041700401
11  37  139.9726504493285
11  38  19401.46344783174
11  39  13114.5631515071
11  40  893.3461700440339
11  41  35162.72344971099
11  42  59050.42716855979
11  43  2310.933169817306
11  44  11455.947202061838
11  45  17257.6476908802
11  46  1784.6615405096277
11  47  2993.9503290376397
11  48  16821.621431757798
11  49  3503.0567906593997
11  50  3.08308201039258
11  51  97210.6061058248
11  52  10014.6487948167
11  53  44099.622137788196
11  54  10841.588595050258
12  0  19.714979851024
12  1  91.85521462268001
12  2  424.90148851712
12  3  59.198910253156406
12  4  555.7866426072001
12  5  90.76888393342401
12  6  1064.39671114436
12  7  319.6227378460401
12  8  2463.4012446917204
12  9  682.89672956224
12  10  3126.9824415868
12  11  958.35597646056
12  12  3953.5449584160006
12  13  3339.7102699347997
12  14  8011.1434837776005
12  15  2658.1909753596005
12  16  8056.903056318801
12  17  7606.676569364001
12  18  227.3010751645884
12  19  8435.4759846384
12  20  16866.041855120002
12  21  1033.1738147614751
12  22  13909.506824648
12  23  15636.6447183
12  24  2845.2253832812
12  25  11947.1458233832
12  26  37753.8796167576
12  27  4428.8687011164
12  28  3635.2900938436005
12  29  53410.679437056
12  30  11124.243695479201
12  31  49735.813930148
12  32  9345.5209463448
12  33  112195.44896884
12  34  25457.511804460002
12  35  53727.66920251201
12  36  22976.671829092003
12  37  599.5307652478508
12  38  76500.97199351041
12  39  46363.663765620004
12  40  3784.70818599656
12  41  134899.64490756002
12  42  214417.727313248
12  43  9275.653087357361
12  44  45140.089681502395
12  45  74345.4155567864
12  46  7681.85701434608
12  47  13135.0277950664
12  48  66041.51308223602
12  49  14323.311025217601
12  50  13.557296937441201
12  51  349060.35271248803
12  52  32078.496792700003
12  53  164231.24079859204
12  54  42802.8590440616
13  0  15.493192908248
13  1  72.48629264238
13  2  342.92940011502003
13  3  42.427553601933
13  4  454.7491681472
13  5  69.81261294299999
13  6  732.00845615043
13  7  219.47590624654504
13  8  1705.10877409601
13  9  482.22212827541995
13  10  2322.7977837916997
13  11  883.9889738763599
13  12  3339.7102699347997
13  13  3046.6806869361994
13  14  5616.429438359799
13  15  1836.0086813727999
13  16  5600.534696925899
13  17  6007.865773925
13  18  157.22917089840772
13  19  7771.983328144899
13  20  16751.642212419996
13  21  739.6194808841807
13  22  9706.209556763999
13  23  11571.236623259
13  24  2024.05516722195
13  25  8296.6819515206
13  26  26436.445426876795
13  27  3280.8206545761
13  28  2959.1706388359
13  29  51063.27383450099
13  30  9305.768860843698
13  31  35887.64084635
13  32  7257.7841666028
13  33  89044.09798838999
13  34  23596.949405919997
13  35  42909.452048997
13  36  21732.270338978
13  37  422.48279171114206
13  38  61684.5702893289
13  39  43818.409398520496
13  40  2711.44105744815
13  41  115624.518741885
13  42  197665.73926027297
13  43  7323.957000044709
13  44  36051.9885002604
13  45  56233.8047115982
13  46  5597.78313403618
13  47  9426.9653079414
13  48  55740.205017457
13  49  10847.991085811798
13  50  10.9866421171585
13  51  321539.23066546797
13  52  34398.481393048496
13  53  143211.691851587
13  54  34005.4496368871
14  0  43.246086761358
14  1  219.90714128219997
14  2  985.8628127452998
14  3  143.7495353252042
14  4  1112.592530569
14  5  207.803954788712
14  6  2994.43615792804
14  7  839.2457051316101
14  8  6984.38931302988
14  9  1775.39804613396
14  10  7886.642597126799
14  11  1484.2108921849997
14  12  8011.1434837776005
14  13  5616.429438359799
14  14  22824.850327288397
14  15  8542.2514660904
14  16  22945.9188884912
14  17  17744.034468922
14  18  558.7373005634996
14  19  13340.227913998999
14  20  24735.45036101
14  21  2438.2658174400085
14  22  36828.671794772
14  23  39824.561162478
14  24  6850.1954342994995
14  25  30919.200960612798
14  26  101158.1038359924
14  27  10585.8580638304
14  28  7198.3333964336
14  29  84335.83880810998
14  30  22167.789272667
14  31  119655.710991774
14  32  20806.297424078
14  33  241995.8532897
14  34  42439.44692184
14  35  115702.81957055
14  36  39081.677221002
14  37  1437.2225328970196
14  38  153165.355513683
14  39  67064.131169891
14  40  8891.691056862579
14  41  247204.20396774999
14  42  335170.25987017
14  43  19273.3288924911
14  44  91015.360872992
14  45  171225.6703950296
14  46  18116.6043827894
14  47  31806.101175675998
14  48  126423.99772046201
14  49  31315.970829312402
14  50  30.3051752945166
14  51  536197.79636458
14  52  29317.574924587003
14  53  284006.39097387
14  54  86868.905332785
15  0  11.461871786703
15  1  82.48723799805
15  2  378.91097718214996
15  3  31.450603163439197
15  4  268.4965908235
15  5  56.931590167712
15  6  996.3382109517399
15  7  208.23991132891
15  8  2449.5923987512797
15  9  495.25038823476
15  10  2568.1158634798
15  11  393.58455761539994
15  12  2658.1909753596005
15  13  1836.0086813727999
15  14  8542.2514660904
15  15  4113.9671131649
15  16  8300.721999867199
15  17  6167.389866007001
15  18  98.13315840675259
15  19  3823.087505075
15  20  11753.440773725002
15  21  439.244154600987
15  22  10409.630110412
15  23  13162.863078752998
15  24  1337.3474746975
15  25  7649.7089313368
15  26  30556.8317973444
15  27  2717.4562160344003
15  28  1551.0829582495999
15  29  34696.35624057
15  30  6398.60947806
15  31  26163.308418024
15  32  5389.74170153
15  33  64160.33227005
15  34  15592.096711545002
15  35  31999.802530730005
15  36  17734.137849522
15  37  249.42846797169858
15  38  31751.643656139
15  39  18068.564113796
15  40  1561.4085273980797
15  41  61496.4767527
15  42  92008.73936074
15  43  3998.0346384795002
15  44  17692.391912707997
15  45  42688.4962623776
15  46  3815.5099999016
15  47  6921.943472241999
15  48  33144.160018987
15  49  5822.0092193944
15  50  10.6394274281751
15  51  134325.20271430002
15  52  10652.548505662002
15  53  63800.1468573
15  54  16580.331764394
16  0  44.670179343809
16  1  219.51921962479997
16  2  979.5999027522499
16  3  151.45582280101007
16  4  1153.5452468395
16  5  214.399053872036
16  6  3052.5303691114696
16  7  878.24646501623
16  8  7077.80484801809
16  9  1838.0411027072796
16  10  8026.431607916898
16  11  1504.4183355956998
16  12  8056.903056318801
16  13  5600.534696925899
16  14  22945.9188884912
16  15  8300.721999867199
16  16  23167.814736334098
16  17  17864.093734806
16  18  597.4240667934553
16  19  13439.900394619997
16  20  23161.307956915
16  21  2599.0476868463556
16  22  38106.427119265994
16  23  40477.73401437399
16  24  7271.529992582498
16  25  32346.4035483554
16  26  104025.17332559818
16  27  11005.6503301407
16  28  7524.490773451299
16  29  81268.61652407999
16  30  22611.03765322
16  31  126029.30354424698
16  32  21549.326727734995
16  33  249766.75193139998
16  34  41694.580898939996
16  35  118945.81731893998
16  36  37260.175948541
16  37  1536.278054798583
16  38  160630.37908888198
16  39  67566.942033648
16  40  9490.448518007239
16  41  254500.56124889996
16  42  338840.63950866996
16  43  20247.3580355745
16  44  95895.55897091399
16  45  178184.59457866778
16  46  19117.307624402798
16  47  33520.387288451
16  48  129861.083063656
16  49  33210.76685660319
16  50  30.415624559168798
16  51  545966.02453145
16  52  27373.765989795997
16  53  293851.31065705
16  54  91662.50891059199
17  0  39.35710741686
17  1  188.3227411309
17  2  859.0933754304
17  3  123.830892391887
17  4  1072.122607748
17  5  184.27722100092
17  6  2353.3153474382
17  7  690.2643565785501
17  8  5456.5197038604
17  9  1464.0124554397999
17  10  6585.77305513
17  11  1684.4972099906
17  12  7606.676569364001
17  13  6007.865773925
17  14  17744.034468922
17  15  6167.389866007001
17  16  17864.093734806
17  17  15464.117368260002
17  18  479.856332029578
17  19  14907.197609329
17  20  28733.244824060002
17  21  2142.070016285707
17  22  30055.045831379997
17  23  33058.896451780005
17  24  5942.0616493545
17  25  25635.620552684002
17  26  81866.599483362
17  27  9170.364919570002
17  28  6997.515781150001
17  29  93529.57370289
17  30  21340.567555147
17  31  103620.88523709
17  32  18779.429888558003
17  33  222453.1410344
17  34  45527.60278267
17  35  106357.81009277001
17  36  41112.901886850006
17  37  1252.1444092531422
17  38  147981.329898189
17  39  79717.74822315501
17  40  7834.7995063973
17  41  251589.09990955
17  42  377787.31513393
17  43  18205.2928522861
17  44  87647.332352144
17  45  151636.589350208
17  46  15879.593966979803
17  47  27445.138194284
17  48  125043.39584212002
17  49  28746.194865682002
17  50  27.073422056280002
17  51  612521.02116938
17  52  48628.985819895
17  53  300528.10837147
17  54  83345.25960010101
18  0  1.6029258141457572
18  1  5.2161745082093
18  2  22.120118815017847
18  3  6.2189204267604765
18  4  44.0511831257395
18  5  7.509846620046268
18  6  88.66927302674152
18  7  33.492973209905344
18  8  191.339861410327
18  9  63.96562870697524
18  10  237.3442915089557
18  11  52.225589128451894
18  12  227.3010751645884
18  13  157.22917089840772
18  14  558.7373005634996
18  15  98.13315840675259
18  16  597.4240667934553
18  17  479.856332029578
18  18  27.20517283162256
18  19  435.56617643623696
18  20  214.16360876369498
18  21  116.94454795995183
18  22  1312.430459249878
18  23  1175.7139423130818
18  24  316.235100251321
18  25  1235.0205349476282
18  26  3364.430865357751
18  27  407.2518186523171
18  28  307.8115754509389
18  29  1440.5842952573698
18  30  746.445253854111
18  31  5174.046820511561
18  32  788.105463002549
18  33  8948.5002763954
18  34  971.66570483497
18  35  4112.6361746600305
18  36  478.57713820702304
18  37  70.20700136406522
18  38  6713.993814537664
18  39  2294.373917792339
18  40  431.3336165844106
18  41  9446.470022223251
18  42  11423.496777945
18  43  847.9558835260318
18  44  4139.290745166674
18  45  6718.569261596757
18  46  800.0683025797377
18  47  1380.234145603935
18  48  4648.8064598762885
18  49  1469.1505489665158
18  50  0.8007815524383943
18  51  19819.927588812992
18  52  544.018402370603
18  53  11616.233068661162
18  54  3991.612679436629
19  0  40.402080800583
19  1  176.46628056251998
19  2  833.37078329933
19  3  114.01895374697389
19  4  1199.8744478233
19  5  181.06264196788396
19  6  1801.8286233361
19  7  579.144647326975
19  8  4131.7574781849
19  9  1243.7273257683
19  10  5806.820156583399
19  11  2307.3932010781396
19  12  8435.4759846384
19  13  7771.983328144899
19  14  13340.227913998999
19  15  3823.087505075
19  16  13439.900394619997
19  17  14907.197609329
19  18  435.56617643623696
19  19  20138.114813728098
19  20  41047.159888625
19  21  2034.905576492022
19  22  24952.988743789996
19  23  28808.386516586994
19  24  5522.709203102049
19  25  21899.278772923997
19  26  66937.837579035
19  27  8597.7775730992
19  28  7903.7046261368
19  29  126911.170348269
19  30  24005.202379215298
19  31  96410.14768899299
19  32  18989.574712128197
19  33  232206.91632500995
19  34  59342.61067041
19  35  111215.848115753
19  36  52907.648074911
19  37  1169.1226246579224
19  38  165474.60533598208
19  39  114243.6505011665
19  40  7478.891580615908
19  41  303774.272291365
19  42  514322.64119226695
19  43  19675.77953145249
19  44  97361.88510731359
19  45  148002.013215794
19  46  15101.671368885618
19  47  25350.003851695597
19  48  145611.359286127
19  49  29567.745265915
19  50  27.3025729833927
19  51  843359.627347942
19  52  88367.17816931049
19  53  379661.248533153
19  54  92028.17341037789
20  0  58.98956745765
20  1  371.0299666579
20  2  1836.0249402222998
20  3  99.06967835032
20  4  1793.778036109
20  5  259.1173311688
20  6  2613.3545384965
20  7  494.15214873925004
20  8  6682.8480381285
20  9  1436.805003839
20  10  9446.718868215
20  11  4552.674309114
20  12  16866.041855120002
20  13  16751.642212419996
20  14  24735.45036101
20  15  11753.440773725002
20  16  23161.307956915
20  17  28733.244824060002
20  18  214.16360876369498
20  19  41047.159888625
20  20  115305.69243699001
20  21  1371.159575980435
20  22  28328.723101479998
20  23  47504.56168714
20  24  3961.9022735675003
20  25  19611.265849950003
20  26  85640.22985968
20  27  10345.507899825
20  28  10833.916823615
20  29  323896.75211457
20  30  42536.52451565499
20  31  86487.37669559999
20  32  26374.09316658
20  33  347040.435503
20  34  138961.88688493002
20  35  174691.95531465003
20  36  144196.01049810002
20  37  665.966079053315
20  38  215324.136103545
20  39  234880.52924893497
20  40  4908.472955096499
20  41  512024.06362155
20  42  1029063.3973915499
20  43  23965.126523465497
20  44  117982.54150722
20  45  183974.92163606998
20  46  13572.409440279
20  47  22026.119612529998
20  48  245658.41940162002
20  49  28153.008850409995
20  50  54.789898681325994
20  51  1622622.0720634
20  52  225258.355197035
20  53  629766.7535150499
20  54  108238.77869850499
21  0  7.062636663349829
21  1  23.422990354113757
21  2  100.33460337230957
21  3  26.89103063824312
21  4  195.3900111853299
21  5  32.973198129235726
21  6  383.9911877036635
21  7  144.25640770803423
21  8  830.8295528899871
21  9  276.97608163234366
21  10  1040.816013288366
21  11  242.8099183411996
21  12  1033.1738147614751
21  13  739.6194808841807
21  14  2438.2658174400085
21  15  439.244154600987
21  16  2599.0476868463556
21  17  2142.070016285707
21  18  116.94454795995183
21  19  2034.905576492022
21  20  1371.159575980435
21  21  504.739290416296
21  22  5674.87783769125
21  23  5155.01005023932
21  24  1364.685457065485
21  25  5326.406226819476
21  26  14573.932810895396
21  27  1773.5217687611855
21  28  1360.1195417310823
21  29  7438.791973315107
21  30  3352.4765774941598
21  31  22392.871137931637
21  32  3461.9571003005403
21  33  39513.10514221583
21  34  4703.37669141005
21  35  18209.955105296198
21  36  2590.488469586273
21  37  302.38507220105834
21  38  29584.252579044503
21  39  10830.516901705789
21  40  1861.4990213355256
21  41  42486.324813160994
21  42  53216.31825905886
21  43  3720.6835407167596
21  44  18185.042289362787
21  45  29344.32581301187
21  46  3465.836471159508
21  47  5968.978035765855
21  48  20849.542660143183
21  49  6391.554100622558
21  50  3.604836659682906
21  51  91778.15525196659
21  52  3337.4631666468213
21  53  52360.1780297146
21  54  17513.781887249115
22  0  86.42103920564
22  1  350.2585410127999
22  2  1532.3691031735998
22  3  314.039609827196
22  4  2310.195578068
22  5  409.30277277775997
22  6  5297.6582961242
22  7  1747.2975452243
22  8  11886.9954276134
22  9  3487.9028685267995
22  10  14079.050747413998
22  11  2890.9653847559994
22  12  13909.506824648
22  13  9706.209556763999
22  14  36828.671794772
22  15  10409.630110412
22  16  38106.427119265994
22  17  30055.045831379997
22  18  1312.430459249878
22  19  24952.988743789996
22  20  28328.723101479998
22  21  5674.87783769125
22  22  71905.84603351999
22  23  70398.43559421999
22  24  15568.274411904998
22  25  64411.917614084
22  26  190205.34055003198
22  27  21591.983719302
22  28  15638.942277897999
22  29  117972.82804133999
22  30  42054.58614762999
22  31  261342.46172452
22  32  42086.18556444
22  33  483016.186159
22  34  66794.06589996
22  35  225918.4789719
22  36  48883.87332596
22  37  3383.3278462576372
22  38  337716.46044555
22  39  128748.07288395
22  40  20842.808765767397
22  41  503342.4208251
22  42  641563.4813670999
22  43  42578.550131756994
22  44  205203.95267171995
22  45  353317.524713428
22  46  40079.446702174
22  47  69614.03055505999
22  48  251796.4030201
22  49  71926.07805149199
22  50  50.78153443536999
22  51  1073365.6515835999
22  52  42772.386860829996
22  53  601715.7851893
22  54  197085.03492608998
23  0  87.20349150121999
23  1  398.0412680083
23  2  1783.5897250023997
23  3  293.713711296097
23  4  2332.2916308599997
23  5  412.23344654211996
23  6  5428.1792621038
23  7  1651.18610845645
23  8  12449.5742556056
23  9  3416.0668558921993
23  10  14705.004774313998
23  11  3273.5419126397996
23  12  15636.6447183
23  13  11571.236623259
23  14  39824.561162478
23  15  13162.863078752998
23  16  40477.73401437399
23  17  33058.896451780005
23  18  1175.7139423130818
23  19  28808.386516586994
23  20  47504.56168714
23  21  5155.01005023932
23  22  70398.43559421999
23  23  73803.66900594
23  24  14267.479779183497
23  25  61037.657699275995
23  26  189910.008813198
23  27  21084.716192802
23  28  15413.497948238
23  29  166106.83614554998
23  30  44915.772142161
23  31  244966.76496498997
23  32  42006.284328593996
23  33  489808.1697091999
23  34  85028.46007132999
23  35  232247.15651630997
23  36  72673.03593491
23  37  3043.6489978611335
23  38  329033.45722436695
23  39  150532.799906985
23  40  18877.657344622297
23  41  526774.61349585
23  42  732463.3012381899
23  43  41049.57046457029
23  44  197000.65877635195
23  45  345682.523796472
23  46  37463.573613963395
23  47  65080.14207713199
23  48  263869.126144
23  49  66983.522065078
23  50  56.863674638812
23  51  1197482.84386774
23  52  73375.871220485
23  53  624901.26967161
23  54  188213.73386014297
24  0  19.2576053862565
24  1  65.54927696566
24  2  281.45171290691496
24  3  73.02271770204145
24  4  530.19774484115
24  5  90.09858903116199
24  6  1065.4134087688
24  7  393.6236708527375
24  8  2316.5849730546997
24  9  759.1456549401499
24  10  2876.8410753862
24  11  656.81923453677
24  12  2845.2253832812
24  13  2024.05516722195
24  14  6850.1954342994995
24  15  1337.3474746975
24  16  7271.529992582498
24  17  5942.0616493545
24  18  316.235100251321
24  19  5522.709203102049
24  20  3961.9022735675003
24  21  1364.685457065485
24  22  15568.274411904998
24  23  14267.479779183497
24  24  3696.1180162825244
24  25  14529.212018227001
24  26  40130.7904096125
24  27  4837.6949987631
24  28  3679.5334800149
24  29  20781.7749915945
24  30  9155.11820906165
24  31  60798.47081981149
24  32  9434.423396435099
24  33  107706.29262330498
24  34  12984.303553664999
24  35  49718.6176821165
24  36  7431.9360713605
24  37  817.2625854000918
24  38  79985.06029753905
24  39  29255.10353387325
24  40  5030.630617484755
24  41  115178.8352094825
24  42  144153.75907014348
24  43  10066.043103744945
24  44  49111.57705527479
24  45  79912.43885727199
24  46  9398.887136028408
24  47  16205.994867770798
24  48  56670.3184137635
24  49  17270.7341843375
24  50  9.99840536129435
24  51  247805.994048181
24  52  8932.42315316525
24  53  141397.79555436652
24  54  47288.78057749095
25  0  77.79740962426601
25  1  291.88371400840003
25  2  1263.7351613345
25  3  290.1427843792154
25  4  2100.614161459
25  5  367.05071509594404
25  6  4599.67167774318
25  7  1594.5790636456202
25  8  10181.36524433146
25  9  3129.67486168832
25  10  12246.9151910346
25  11  2569.4813610634
25  12  11947.1458233832
25  13  8296.6819515206
25  14  30919.200960612798
25  15  7649.7089313368
25  16  32346.4035483554
25  17  25635.620552684002
25  18  1235.0205349476282
25  19  21899.278772923997
25  20  19611.265849950003
25  21  5326.406226819476
25  22  64411.917614084
25  23  61037.657699275995
25  24  14529.212018227001
25  25  58784.054746907605
25  26  168422.09556853079
25  27  19572.5316966038
25  28  14396.8853455242
25  29  92014.160589
25  30  37212.012827732
25  31  241419.615547838
25  32  38028.559694638
25  33  434577.298202
25  34  55038.25685784
25  35  201915.71015248002
25  36  35969.101343194
25  37  3184.762182358124
25  38  312155.221328232
25  39  113766.483279532
25  40  19595.997706716957
25  41  454586.302196
25  42  567170.37261586
25  43  39392.0429438286
25  44  190785.49086129997
25  45  321208.30527103326
25  46  37141.380394296
25  47  64346.558023518
25  48  226058.032184464
25  49  67241.53284458081
25  50  43.1156023638512
25  51  961932.9980257801
25  52  33420.399806404
25  53  549193.2954642201
25  54  183541.948275924
26  0  228.015203232168
26  1  966.4778706995999
26  2  4252.799539874999
26  3  814.8292130970551
26  4  6058.7261646239995
26  5  1082.350275036672
26  6  14275.92253068894
26  7  4568.717759152711
26  8  32284.895271948182
26  9  9217.02537442356
26  10  37908.7606030338
26  11  7696.690054934399
26  12  37753.8796167576
26  13  26436.445426876795
26  14  101158.1038359924
26  15  30556.8317973444
26  16  104025.17332559818
26  17  81866.599483362
26  18  3364.430865357751
26  19  66937.837579035
26  20  85640.22985968
26  21  14573.932810895396
26  22  190205.34055003198
26  23  189910.008813198
26  24  40130.7904096125
26  25  168422.09556853079
26  26  506673.8584703064
26  27  56710.1595826314
26  28  40694.027429952606
26  29  337554.19521350996
26  30  112166.01211147499
26  31  678177.720109944
26  32  110778.29832816
26  33  1274898.5535723
26  34  185689.31982257997
26  35  598754.8088142299
26  36  143764.41056083198
26  37  8671.881182454126
26  38  876446.3903242591
26  39  344082.30142877094
26  40  53467.89942001098
26  41  1326067.80820155
26  42  1713569.63346099
26  43  110423.2579016745
26  44  530509.784268348
26  45  926355.8781405755
26  46  103797.0051311646
26  47  180572.48694082198
26  48  665729.875976562
26  49  185237.6582500164
26  50  138.7028290637826
26  51  2843223.1363308
26  52  122702.544918267
26  53  1575014.31165945
26  54  508955.63008488895
27  0  27.157016657899
27  1  105.39486872744001
27  2  464.21886211970997
27  3  97.1078750610975
27  4  744.0967876841
27  5  127.16255835966001
27  6  1549.3807449088902
27  7  529.3422768684101
27  8  3450.1096437772303
27  9  1052.25711310216
27  10  4231.8541780251
27  11  1001.67847310038
27  12  4428.8687011164
27  13  3280.8206545761
27  14  10585.8580638304
27  15  2717.4562160344003
27  16  11005.6503301407
27  17  9170.364919570002
27  18  407.2518186523171
27  19  8597.7775730992
27  20  10345.507899825
27  21  1773.5217687611855
27  22  21591.983719302
27  23  21084.716192802
27  24  4837.6949987631
27  25  19572.5316966038
27  26  56710.1595826314
27  27  6660.5968720133005
27  28  5059.3425760427
27  29  41058.832118328
27  30  13511.3841572496
27  31  80965.676046245
27  32  13188.7387613074
27  33  152402.04272812
27  34  22671.90126934
27  35  71213.213276476
27  36  16492.329826759
27  37  1055.036810608632
27  38  109024.9821708612
27  39  45660.533449804
27  40  6522.8675486266
27  41  165833.37198938
27  42  221749.494709234
27  43  13628.64894772918
27  44  66193.4389538332
27  45  110008.6312560786
27  46  12480.69976525944
27  47  21541.8280232362
27  48  81935.40274813601
27  49  22811.3903961664
27  50  15.668341686212
27  51  372526.091511694
27  52  19408.333956408
27  53  201483.37996344603
27  54  63495.2567062568
28  0  21.403647555461
28  1  79.06202692416
28  2  354.20201761788996
28  3  73.4977045973785
28  4  609.7009228279001
28  5  98.3251895461
28  6  1077.27409946951
28  7  387.03366715619006
28  8  2374.4960276275706
28  9  768.78486831144
28  10  3111.3431270868996
28  11  924.38068700602
28  12  3635.2900938436005
28  13  2959.1706388359
28  14  7198.3333964336
28  15  1551.0829582495999
28  16  7524.490773451299
28  17  6997.515781150001
28  18  307.8115754509389
28  19  7903.7046261368
28  20  10833.916823615
28  21  1360.1195417310823
28  22  15638.942277897999
28  23  15413.497948238
28  24  3679.5334800149
28  25  14396.8853455242
28  26  40694.027429952606
28  27  5059.3425760427
28  28  4156.6392101413
28  29  39534.131112432
28  30  11136.9529610984
28  31  61504.299110274995
28  32  10327.6812087646
28  33  121012.51335348
28  34  20797.61746054
28  35  56597.034947404005
28  36  15474.272439521
28  37  804.7757892026398
28  38  89118.4832423748
28  39  43548.827234656
28  40  5011.6991587898
28  41  141330.89000882002
28  42  204280.71861048602
28  43  10974.93404850322
28  44  53912.6463673828
28  45  84922.9673820974
28  46  9559.571685667759
28  47  16323.5544666998
28  48  68602.726953624
28  49  17999.5317800976
28  50  12.227011466571998
28  51  343697.574364226
28  52  24259.607462852
28  53  175435.072828034
28  54  51572.0523531872
29  0  212.12698711527003
29  1  1175.585097792
29  2  5706.7032602181
29  3  466.070127005631
29  4  6321.100852928999
29  5  945.08535533916
29  6  9835.348691252999
29  7  2390.51565995475
29  8  24042.149218232997
