0  0  0.0009099407184300001
0  1  0.0090365532012
0  2  0.03832119747630001
0  3  0.000244389139227
0  4  0.014607011400300001
0  5  0.00101640585672
0  6  0.079270036281
0  7  0.00527502357945
0  8  0.323887497957
0  9  0.0310559632164
0  10  0.21602055387600003
0  11  0.09109849757940001
0  12  0.396943541118
0  13  0.302724741231
0  14  1.08586220751
0  15  0.395514392364
0  16  0.9182397430980002
0  17  0.31796382789
0  18  0.0004346322453540001
0  19  1.092022037181
0  20  2.8437082085700003
0  21  0.003671262489573
0  22  1.0088107827300001
0  23  1.65700968165
0  24  0.0390047367195
0  25  0.510344387424
0  26  3.8707621465500006
0  27  0.197658622188
0  28  0.325647548811
0  29  8.63395158249
0  30  0.532575957933
0  31  3.0132293544
0  32  0.970845514002
0  33  12.021551381700002
0  34  4.1642636013
0  35  5.054210866530001
0  36  3.29333101569
0  37  0.00038450998179000005
0  38  4.440951572031
0  39  3.500633344185
0  40  0.0077082076764
0  41  13.923846598950004
0  42  19.40126557707
0  43  0.0846926683209
0  44  2.386817572221
0  45  1.185036353424
0  46  0.12021669809820001
0  47  0.417836003076
0  48  3.34997448885
0  49  0.2912913770400001
0  50  0.00030232940030100003
0  51  26.924420608020004
0  52  0.9620429956650001
0  53  10.849210522740002
0  54  0.40542734848500006
1  0  0.0090365532012
1  1  0.090594996912
1  2  0.384328515564
1  3  0.00242701025868
1  4  0.149948683164
1  5  0.0103469865408
1  6  0.8201794784399999
1  7  0.051648559074
1  8  3.33546117156
1  9  0.32481000820800005
1  10  2.3413700217599995
1  11  0.8502648048720001
1  12  3.942672174
1  13  2.8800936687600003
1  14  11.2594051836
1  15  4.17446553888
1  16  9.77334719256
1  17  3.4814700899999997
1  18  0.004262177490479999
1  19  10.276550925479999
1  20  27.483101427599998
1  21  0.03418034308164
1  22  10.451162710799998
1  23  16.6895878212
1  24  0.36941710806
1  25  5.40192472848
1  26  38.8306980684
1  27  1.9165166092800001
1  28  3.0961653332399997
1  29  83.22030992519998
1  30  5.19103762884
1  31  29.088928108799998
1  32  9.17829863496
1  33  115.53059422800001
1  34  39.489522660000006
1  35  49.360408448399994
1  36  31.9507767684
1  37  0.0038937819261599996
1  38  41.349467449079995
1  39  32.6103250914
1  40  0.07353289944000001
1  41  131.20317214200003
1  42  181.89147294359998
1  43  0.7910157152519999
1  44  22.29567368868
1  45  13.03962232608
1  46  1.134258294456
1  47  4.146657792479999
1  48  32.259349357199994
1  49  2.70542641824
1  50  0.0029692806368400004
1  51  250.92316564560002
1  52  8.9360958834
1  53  101.0647261512
1  54  3.7812424986
2  0  0.03832119747630001
2  1  0.384328515564
2  2  1.6304495415790003
2  3  0.01029219187107
2  4  0.636706810839
2  5  0.0439208733232
2  6  3.48366259041
2  7  0.21890149587250002
2  8  14.16463836761
2  9  1.3801728705
2  10  9.96196923472
2  11  3.5965611051220003
2  12  16.71975045022
2  13  12.19236275367
2  14  47.8275707727
2  15  17.744049840400002
2  16  41.555673789500005
2  17  14.8182378281
2  18  0.0180654675163
2  19  43.484151917130006
2  20  116.41994135210001
2  21  0.14456523358369003
2  22  44.392832756100006
2  23  70.8146384801
2  24  1.563568465735
2  25  22.963955610600003
2  26  164.7344648707
2  27  8.119547938560002
2  28  13.106710380509998
2  29  352.4873802157
2  30  21.997110807690003
2  31  123.2166976144
2  32  38.84447571186
2  33  489.281411197
2  34  167.14924365700003
2  35  209.18215384490003
2  36  135.3663768913
2  37  0.01652495591098
2  38  174.88749595843
2  39  137.92819722885002
2  40  0.311323101276
2  41  555.2029900515001
2  42  769.5332048550999
2  43  3.3460380319970002
2  44  94.31244040633001
2  45  55.51056399240001
2  46  4.800018735886001
2  47  17.58420224268
2  48  136.6322624161
2  49  11.441382203920002
2  50  0.012586223782410002
2  51  1061.3205197666002
2  52  37.79135895405001
2  53  427.4617280562
2  54  15.993892625450002
3  0  0.000244389139227
3  1  0.00242701025868
3  2  0.01029219187107
3  3  6.563729940030001e-05
3  4  0.00392310715467
3  5  0.000272983225608
3  6  0.0212901077409
3  7  0.0014167499551050002
3  8  0.0869887292973
3  9  0.008340917121960001
3  10  0.0580181501364
3  11  0.02446696027266
3  12  0.10660990147020001
3  13  0.0813048997959
3  14  0.291637603239
3  15  0.10622606499960002
3  16  0.2466180662922
3  17  0.085397767821
3  18  0.0001167322202106
3  19  0.2932919917509
3  20  0.7637545910729999
3  21  0.0009860166289196999
3  22  0.270943363497
3  23  0.44503467268499997
3  24  0.01047577478355
3  25  0.13706675943360003
3  26  1.0395976462949998
3  27  0.05308655779320001
3  28  0.08746143845789998
3  29  2.318880727761
3  30  0.1430376477237
3  31  0.80928407016
3  32  0.2607467658978
3  33  3.2287120851300006
3  34  1.11842538357
3  35  1.3574447413169999
3  36  0.884512931241
3  37  0.000103270533531
3  38  1.1927374059158997
3  39  0.9401895666465001
3  40  0.0020702472159599998
3  41  3.739624808655001
3  42  5.210733510723
3  43  0.02274650193201
3  44  0.6410442792069001
3  45  0.31827349683359996
3  46  0.03228743892198
3  47  0.11222113601639999
3  48  0.899726064765
3  49  0.078234161256
3  50  8.11987203189e-05
3  51  7.231279844178
3  52  0.2583826120185
3  53  2.9138483059860003
3  54  0.10888845691650001
4  0  0.014607011400300001
4  1  0.149948683164
4  2  0.636706810839
4  3  0.00392310715467
4  4  0.26246512544899997
4  5  0.0177653649292
4  6  1.46117669521
4  7  0.0804570519675
4  8  5.88035452251
4  9  0.59240308354
4  10  4.590381805219999
4  11  1.150758992402
4  12  6.37577155942
4  13  4.13676179367
4  14  20.155099362699996
4  15  7.761193961300001
4  16  18.4867902248
4  17  6.9580300691
4  18  0.0066671501942
4  19  14.27652955883
4  20  41.311940196100004
4  21  0.04588733311279
4  22  18.671734756099998
4  23  27.938935147099997
4  24  0.5234410968850001
4  25  10.1031558265
4  26  64.37167673969999
4  27  2.90720445406
4  28  4.438474945309999
4  29  124.1542037687
4  30  7.988574137790001
4  31  43.5884937424
4  32  12.933300276259999
4  33  170.90977000700002
4  34  56.167190727000005
4  35  76.3669184259
4  36  48.5439446013
4  37  0.00660321533708
4  38  55.525658886129996
4  39  43.86101053435
4  40  0.10646564583599999
4  41  183.01690992650003
4  42  249.7172497341
4  43  1.0729292349269999
4  44  30.25564800103
4  45  26.3006571318
4  46  1.588543591626
4  47  6.69113700488
4  48  47.99926822309999
4  49  3.6032708513200005
4  50  0.0046635232117099995
4  51  337.9629631706
4  52  11.905789641550001
4  53  135.9252664442
4  54  5.1053383429500006
5  0  0.00101640585672
5  1  0.0103469865408
5  2  0.0439208733232
5  3  0.000272983225608
5  4  0.0177653649292
5  5  0.0012103898728799997
5  6  0.098316834824
5  7  0.0056735807818
5  8  0.39705778674799996
5  9  0.0395513438336
5  10  0.299440689284
5  11  0.0856178701616
5  12  0.443581233792
5  13  0.300709466904
5  14  1.3539958318399998
5  15  0.514926936836
5  16  1.219717757652
5  17  0.45118101516
5  18  0.000469436212796
5  19  1.051291891084
5  20  2.95179226648
5  21  0.003425110488372
5  22  1.25516347432
5  23  1.9202561873999997
5  24  0.038249828298
5  25  0.669017354876
5  26  4.4394295918
5  27  0.207021320492
5  28  0.322882556344
5  29  8.896054658359999
5  30  0.565848162012
5  31  3.1181148287999996
5  32  0.9471153153279999
5  33  12.285118746800002
5  34  4.0983263571999995
5  35  5.39868033692
5  36  3.4547647369599996
5  37  0.00045180999289999997
5  38  4.1441221038839995
5  39  3.2714314567400002
5  40  0.007715535801599999
5  41  13.4554672618
5  42  18.474363769479996
5  43  0.07975740460759999
5  44  2.248676398644
5  45  1.700610976776
5  46  0.1166077811848
5  47  0.46588153746399996
5  48  3.442732188199999
5  49  0.26981351172
5  50  0.00032787861180399997
5  51  25.193400929280003
5  52  0.89138443586
5  53  10.13837938336
5  54  0.38020586473999995
6  0  0.079270036281
6  1  0.8201794784399999
6  2  3.48366259041
6  3  0.0212901077409
6  4  1.46117669521
6  5  0.098316834824
6  6  8.1778344827
6  7  0.431074044915
6  8  32.8079170599
6  9  3.33839072108
6  10  26.388437261200004
6  11  5.83498765558
6  12  34.6052840186
6  13  21.498580319699997
6  14  112.96282183699999
6  15  43.9767935308
6  16  105.25447924060002
6  17  40.199347303
6  18  0.0357739019638
6  19  73.19597979669999
6  20  218.48693909900004
6  21  0.23185805499110002
6  22  104.58852405100001
6  23  153.382717975
6  24  2.7055221186500003
6  25  57.3423293528
6  26  352.27661032500004
6  27  15.427299695600002
6  28  23.048751393699998
6  29  654.761466643
6  30  42.6150336831
6  31  230.25631736000003
6  32  66.6985260214
6  33  898.4649193900001
6  34  290.75811951000003
6  35  408.159788271
6  36  257.752800003
6  37  0.036401452669
6  38  280.5885874517
6  39  221.79928173950003
6  40  0.55504763028
6  41  939.919760365
6  42  1273.963232649
6  43  5.445512205629999
6  44  153.5890081247
6  45  152.30508401280002
6  46  8.17177820274
6  47  36.2903899132
6  48  252.883903015
6  49  18.142958912
6  50  0.025058662476699998
6  51  1710.069985414
6  52  59.95636993549999
6  53  687.340144918
6  54  25.8600964695
7  0  0.00527502357945
7  1  0.051648559074
7  2  0.21890149587250002
7  3  0.0014167499551050002
7  4  0.0804570519675
7  5  0.0056735807818
7  6  0.431074044915
7  7  0.031216683198250002
7  8  1.7748663094250001
7  9  0.165873955974
7  10  1.08293547427
7  11  0.575116594015
7  12  2.30055791749
7  13  1.863963333045
7  14  5.88392230545
7  15  2.0798157331900002
7  16  4.75795107368
7  17  1.56360973145
7  18  0.00256635523954
7  19  6.8213535650249995
7  20  17.13957508475
7  21  0.023250796588525
7  22  5.47442954235
7  23  9.40380167405
7  24  0.24160589173749997
7  25  2.67027724539
7  26  22.101992723349998
7  27  1.18593779961
7  28  2.006844872265
7  29  52.23088733125
7  30  3.171985265625
7  31  18.1893949912
7  32  6.0280689787499995
7  33  73.0193631205
7  34  25.7518781365
7  35  30.018897892250003
7  36  19.743923088549998
7  37  0.00216405917914
7  38  28.122676884175
7  39  22.154122019025003
7  40  0.047290845161999995
7  41  86.82738658275001
7  42  121.78275508375
7  43  0.5342097970924999
7  44  15.052403653525001
7  45  5.7719253875400005
7  46  0.7483894251550001
7  47  2.424693111
7  48  20.291626544049997
7  49  1.85047490986
7  50  0.0017812501078650002
7  51  170.30125259149997
7  52  6.110727553425001
7  53  68.6617707915
7  54  2.561933800325
8  0  0.323887497957
8  1  3.33546117156
8  2  14.16463836761
8  3  0.0869887292973
8  4  5.88035452251
8  5  0.39705778674799996
8  6  32.8079170599
8  7  1.7748663094250001
8  8  131.86264218489998
8  9  13.338903679799998
8  10  104.2158702338
8  11  24.841394031980002
8  12  141.3808325978
8  13  90.1608296193
8  14  452.807178933
8  15  175.15050764899996
8  16  418.02945796599994
8  17  158.298277969
8  18  0.1471624691
8  19  309.51369514169994
8  20  906.6339910390001
8  21  0.9892247322221001
8  22  419.382095919
8  23  622.402786669
8  24  11.384084666149999
8  25  228.159716457
8  26  1432.182043583
8  27  63.8871437574
8  28  96.70734403889999
8  29  2721.642395213
8  30  175.9197235521
8  31  956.1498491360001
8  32  281.0334191574
8  33  3741.86086733
8  34  1222.28816693
8  35  1682.992653841
8  36  1067.0233706269998
8  37  0.1473488782112
8  38  1197.0546213887
8  39  945.8378009265001
8  40  2.32330211124
8  41  3970.4038834350004
8  42  5403.407259358999
8  43  23.16978690373
8  44  653.4174054197001
8  45  598.936925574
8  46  34.48438416974
8  47  148.3302182112
8  48  1051.7971739089999
8  49  77.5736061548
8  50  0.1029954938049
8  51  7289.685342694
8  52  256.3307183745
8  53  2931.1252211580004
8  54  110.16463628050002
9  0  0.0310559632164
9  1  0.32481000820800005
9  2  1.3801728705
9  3  0.008340917121960001
9  4  0.59240308354
9  5  0.0395513438336
9  6  3.33839072108
9  7  0.165873955974
9  8  13.338903679799998
9  9  1.3748245261279999
9  10  11.13876061984
9  11  2.06381779132
9  12  13.56013712168
9  13  7.9072504856400005
9  14  46.198163176399994
9  15  18.23580136768
9  16  43.90725291496001
9  17  17.070845316400003
9  18  0.013794359052880002
9  19  26.3566810414
9  20  82.505141534
9  21  0.08153411646860001
9  22  42.741590561200006
9  23  61.04641642359999
9  24  0.9867368813000001
9  25  23.82759213008
9  26  139.60678652520002
9  27  5.854541837120001
9  28  8.46732508228
9  29  246.22024629400002
9  30  16.295694199800003
9  31  86.7990014144
9  32  24.2403518812
9  33  336.26075791600005
9  34  106.296476268
9  35  156.50780955000002
9  36  97.89872207159999
9  37  0.014568301709680001
9  38  98.6881061162
9  39  78.1015210118
9  40  0.205138693584
9  41  339.361427338
9  42  455.09642272199994
9  43  1.9290568479
9  44  54.426083977400005
9  45  64.85807597088001
9  46  2.9581783462800004
9  47  14.206047757600002
9  48  94.9545581836
9  49  6.34309065632
9  50  0.00968209894348
9  51  602.76453286
9  52  20.967093272600003
9  53  242.02184969200005
9  54  9.131092337400002
10  0  0.21602055387600003
10  1  2.3413700217599995
10  2  9.96196923472
10  3  0.0580181501364
10  4  4.590381805219999
10  5  0.299440689284
10  6  26.388437261200004
10  7  1.08293547427
10  8  104.2158702338
10  9  11.13876061984
10  10  96.32431573980001
10  11  9.12485824056
10  12  94.38525283999999
10  13  42.8690768748
10  14  367.07293532799997
10  15  150.5488852374
10  16  368.30087390380004
10  17  149.86043304999998
10  18  0.0907500046554
10  19  128.7226979354
10  20  501.08889634799993
10  21  0.3481460836022
10  22  338.892183284
10  23  447.11314552600004
10  24  5.1398563162999995
10  25  197.81439469540004
10  26  1008.6075222819999
10  27  36.262469739400004
10  28  45.6526486652
10  29  1470.215961546
10  30  103.9384160082
10  31  523.491386624
10  32  124.10654154079998
10  33  1968.53990394
10  34  560.1019063
10  35  1008.629504882
10  36  608.4050306319999
10  37  0.10856600541179998
10  38  421.85530306339996
10  39  336.233285347
10  40  1.1369911872
10  41  1680.74920091
10  42  2129.472458278
10  43  8.60714408546
10  44  243.29940522140004
10  45  573.3030264684
10  46  14.848342689879999
10  47  98.54214052039998
10  48  563.5201338059999
10  49  26.1147764252
10  50  0.0641632561682
10  51  2610.735725488
10  52  86.46262920699999
10  53  1041.682671776
10  54  39.966322403
11  0  0.09109849757940001
11  1  0.8502648048720001
11  2  3.5965611051220003
11  3  0.02446696027266
11  4  1.150758992402
11  5  0.0856178701616
11  6  5.83498765558
11  7  0.575116594015
11  8  24.841394031980002
11  9  2.06381779132
11  10  9.12485824056
11  11  12.590477983596001
11  12  39.69811060916001
11  13  38.356178718660004
11  14  78.37565403459999
11  15  23.871532136400003
11  16  50.2078082134
11  17  11.1884555518
11  18  0.0469638477606
11  19  145.55706352334
11  20  332.99691162780005
11  21  0.5128315056774201
11  22  73.4064704678
11  23  150.9751114558
11  24  5.0485081457300005
11  25  29.814985216000004
11  26  362.6263287706
11  27  22.747945404880003
11  28  41.38895893538
11  29  1025.2349213526
11  30  59.56278053742001
11  31  354.9208653152
11  32  126.72185291948
11  33  1449.2907496860003
11  34  535.842100846
11  35  559.0845624782
11  36  377.85108623740007
11  37  0.03369786732084
11  38  620.14814926874
11  39  487.8119917663001
11  40  0.964045282728
11  41  1844.9727940970001
11  42  2629.7271778018003
11  43  11.670747985045999
11  44  328.7030568289401
11  45  37.5963200304
11  46  15.835724626948
11  47  42.01264217624
11  48  399.7131595038
11  49  41.108612807360004
11  50  0.032379928117580004
11  51  3745.0621043788005
11  52  135.70935813190005
11  53  1511.9379617516001
11  54  56.21155654910001
12  0  0.396943541118
12  1  3.942672174
12  2  16.71975045022
12  3  0.10660990147020001
12  4  6.37577155942
12  5  0.443581233792
12  6  34.6052840186
12  7  2.30055791749
12  8  141.3808325978
12  9  13.56013712168
12  10  94.38525283999999
12  11  39.69811060916001
12  12  173.15922866040003
12  13  131.96070039900002
12  14  474.0511696699999
12  15  172.7246937728
12  16  401.0663484876
12  17  138.954051642
12  18  0.1895581097468
12  19  475.93652168739993
12  20  1239.929393818
12  21  1.5997653459402001
12  22  440.40595777000004
12  23  723.017177034
12  24  17.0012668503
12  25  222.88387615280004
12  26  1688.842844638
12  27  86.18899776800001
12  28  141.9514319086
12  29  3764.4522872660004
12  30  232.25046173220002
12  31  1313.8199722560003
12  32  423.15641684679997
12  33  5241.202646420001
12  34  1815.1446063399999
12  35  2204.159596682
12  36  1436.0703247300003
12  37  0.1677926137172
12  38  1935.1624352094
12  39  1525.427373701
12  40  3.36023562072
12  41  6068.569119550001
12  42  8455.137041638
12  43  36.90704838146
12  44  1040.1207167034001
12  45  517.9246819248001
12  46  52.39637070028
12  47  182.2704650584
12  48  1460.5848951140001
12  49  126.92618352480001
12  50  0.1318597461226
12  51  11732.601743988
12  52  419.197627085
12  53  4727.624028436001
12  54  176.67145182500002
13  0  0.302724741231
13  1  2.8800936687600003
13  2  12.19236275367
13  3  0.0813048997959
13  4  4.13676179367
13  5  0.300709466904
13  6  21.498580319699997
13  7  1.863963333045
13  8  90.1608296193
13  9  7.9072504856400005
13  10  42.8690768748
13  11  38.356178718660004
13  12  131.96070039900002
13  13  119.38168021230001
13  14  290.889855003
13  15  95.1078360804
13  16  208.71384370980002
13  17  57.898079745
13  18  0.1526000582634
13  19  447.3340132569
13  20  1058.092349853
13  21  1.5583601855217002
13  22  271.622391909
13  23  516.667040241
13  24  15.62878757055
13  25  120.4308159384
13  26  1230.008126787
13  27  72.62253922440001
13  28  128.7192470487
13  29  3245.480988981
13  30  191.6636071977
13  31  1125.976607184
13  32  391.4713340538
13  33  4569.42820389
13  34  1661.2658914500003
13  35  1804.591792377
13  36  1207.3052319570002
13  37  0.11679407878379999
13  38  1884.6109207299
13  39  1483.1845451445001
13  40  3.0105411534
13  41  5678.330209035001
13  42  8048.877379983
13  43  35.579279457809996
13  44  1002.2276903529
13  45  206.2677428064
13  46  48.80902502718
13  47  139.42831606439998
13  48  1263.7047963209998
13  49  124.61712352320001
13  50  0.1054802253417
13  51  11391.737515818
13  52  411.43316664450003
13  53  4596.947877786
13  54  171.1155361905
14  0  1.08586220751
14  1  11.2594051836
14  2  47.8275707727
14  3  0.291637603239
14  4  20.155099362699996
14  5  1.3539958318399998
14  6  112.96282183699999
14  7  5.88392230545
14  8  452.807178933
14  9  46.198163176399994
14  10  367.07293532799997
14  11  78.37565403459999
14  12  474.0511696699999
14  13  290.889855003
14  14  1560.97585283
14  15  609.446006104
14  16  1460.4824999979999
14  17  559.90378885
14  18  0.488495626534
14  19  986.4384569889999
14  20  2971.26922493
14  21  3.1110112476769998
14  22  1445.03364949
14  23  2107.75537981
14  24  36.5490046955
14  25  795.016612484
14  26  4836.724349669999
14  27  210.00238558400002
14  28  311.794175527
14  29  8897.08722361
14  30  580.956733437
14  31  3130.2721774399997
14  32  900.435768778
14  33  12197.3901769
14  34  3929.6350724999998
14  35  5567.31713037
14  36  3509.21501277
14  37  0.500784553858
14  38  3764.9882329189995
14  39  2976.776819345
14  40  7.517082078
14  41  12673.36786135
14  42  17143.357573229998
14  43  73.1651578761
14  44  2063.7241657490003
14  45  2122.598361864
14  46  110.23786079579999
14  47  497.034416764
14  48  3435.27086461
14  49  243.17895831200002
14  50  0.342314618557
14  51  22955.13019258
14  52  803.661733145
14  53  9224.75465866
14  54  347.244548205
15  0  0.395514392364
15  1  4.17446553888
15  2  17.744049840400002
15  3  0.10622606499960002
15  4  7.761193961300001
15  5  0.514926936836
15  6  43.9767935308
15  7  2.0798157331900002
15  8  175.15050764899996
15  9  18.23580136768
15  10  150.5488852374
15  11  23.871532136400003
15  12  172.7246937728
15  13  95.1078360804
15  14  609.446006104
15  15  243.1742044758
15  16  588.1852819726
15  17  231.757397794
15  18  0.1732797896778
15  19  310.48147999699995
15  20  1017.1716945000001
15  21  0.9373864356350001
15  22  563.516641532
15  23  787.8278369259999
15  24  11.7716783015
15  25  318.24865298980006
15  26  1795.272678082
15  27  72.5035068082
15  28  101.72775646279999
15  29  3023.93283621
15  30  203.193855657
15  31  1068.413650304
15  32  288.188945408
15  33  4111.62386466
15  34  1271.0629367800002
15  35  1956.31006649
15  36  1213.328240176
15  37  0.1888699786038
15  38  1134.816840365
15  39  899.1879183430001
15  40  2.47884615264
15  41  4008.4436354300005
15  42  5318.068364829999
15  43  22.348817593699998
15  44  630.757395827
15  45  882.3398752428002
15  46  35.0322356254
15  47  180.795772274
15  48  1164.577371126
15  49  72.4783557212
15  50  0.1218383729498
15  51  6946.94774176
15  52  239.64194601100002
15  53  2786.3023666400004
15  54  105.429506039
16  0  0.9182397430980002
16  1  9.77334719256
16  2  41.555673789500005
16  3  0.2466180662922
16  4  18.4867902248
16  5  1.219717757652
16  6  105.25447924060002
16  7  4.75795107368
16  8  418.02945796599994
16  9  43.90725291496001
16  10  368.30087390380004
16  11  50.2078082134
16  12  401.0663484876
16  13  208.71384370980002
16  14  1460.4824999979999
16  15  588.1852819726
16  16  1428.2283311922
16  17  569.0695077480001
16  18  0.39710831803660007
16  19  666.397671938
16  20  2288.94107243
16  21  1.958011891872
16  22  1349.727867734
16  23  1851.4560251520002
16  24  25.611591321
16  25  770.8224124906
16  26  4205.364260264
16  27  163.8807875434
16  28  222.9743949746
16  29  6778.826497180001
16  30  462.3614982060001
16  31  2400.466303008
16  32  624.7132941140001
16  33  9176.49335212
16  34  2772.2657657600002
16  35  4462.0903987
16  36  2744.584740362
16  37  0.4456938065026
16  38  2370.915105924
16  39  1881.2524959760003
16  40  5.46602645688
16  41  8628.62824166
16  42  11313.984049339999
16  43  47.090873509
16  44  1329.562634808
16  45  2170.2198304716003
16  46  75.62300062759999
16  47  419.469601622
16  48  2607.0793713519997
16  49  150.3219756924
16  50  0.2796908889836
16  51  14551.5879045
16  52  497.179310932
16  53  5829.148217540001
16  54  221.299755268
17  0  0.31796382789
17  1  3.4814700899999997
17  2  14.8182378281
17  3  0.085397767821
17  4  6.9580300691
17  5  0.45118101516
17  6  40.199347303
17  7  1.56360973145
17  8  158.298277969
17  9  17.070845316400003
17  10  149.86043304999998
17  11  11.1884555518
17  12  138.954051642
17  13  57.898079745
17  14  559.90378885
17  15  231.757397794
17  16  569.0695077480001
17  17  233.92297641
17  18  0.131346264064
17  19  166.05593377699998
17  20  706.34699039
17  21  0.41855336402099996
17  22  516.65033135
17  23  667.7517035699998
17  24  6.826419481499999
17  25  304.91657619399996
17  26  1500.6717419899999
17  27  51.46278619000001
17  28  61.51842125299999
17  29  2060.0858269299997
17  30  148.953330681
17  31  736.12112688
17  32  163.593498614
17  33  2738.7059941
17  34  747.5600956999999
17  35  1450.3120596099998
17  36  864.41039315
17  37  0.16290006805599996
17  38  507.49227608699994
17  39  406.14794210499997
17  40  1.5492567156000001
17  41  2182.4725227500003
17  42  2690.1946739899995
17  43  10.606344793299998
17  44  300.117816957
17  45  896.2264010040001
17  46  19.3996230494
17  47  144.928597232
17  48  787.88027197
17  49  30.718736604
17  50  0.093077796473
17  51  3164.53421574
17  52  101.807300425
17  53  1258.1181747800001
17  54  48.731300125000004
18  0  0.0004346322453540001
18  1  0.004262177490479999
18  2  0.0180654675163
18  3  0.0001167322202106
18  4  0.0066671501942
18  5  0.000469436212796
18  6  0.0357739019638
18  7  0.00256635523954
18  8  0.1471624691
18  9  0.013794359052880002
18  10  0.0907500046554
18  11  0.0469638477606
18  12  0.1895581097468
18  13  0.1526000582634
18  14  0.488495626534
18  15  0.1732797896778
18  16  0.39710831803660007
18  17  0.131346264064
18  18  0.00021103306744980004
18  19  0.5576298906799999
18  20  1.4063236085100002
18  21  0.001898045243474
18  22  0.454421526422
18  23  0.776636461876
18  24  0.01976772779
18  25  0.2226065832718
18  26  1.824110827732
18  27  0.09735426714220001
18  28  0.1642828511858
18  29  4.28394640428
18  30  0.260593462476
18  31  1.492219865504
18  32  0.493083930794
18  33  5.986461647760001
18  34  2.1073281326799997
18  35  2.4669248442800003
18  36  1.6209266673459999
18  37  0.0001788903980238
18  38  2.295776424098
18  39  1.8086518292980003
18  40  0.0038730804578400004
18  41  7.099176115280001
18  42  9.95052003184
18  43  0.04362725690239999
18  44  1.22930584673
18  45  0.4854418367748
18  46  0.061200363028
18  47  0.199759012442
18  48  1.6640829356759999
18  49  0.15101418674119998
18  50  0.00014650779199280002
18  51  13.90407563962
18  52  0.49869292960600003
18  53  5.605502185460001
18  54  0.209186780894
19  0  1.092022037181
19  1  10.276550925479999
19  2  43.484151917130006
19  3  0.2932919917509
19  4  14.27652955883
19  5  1.051291891084
19  6  73.19597979669999
19  7  6.8213535650249995
19  8  309.51369514169994
19  9  26.3566810414
19  10  128.7226979354
19  11  145.55706352334
19  12  475.93652168739993
19  13  447.3340132569
19  14  986.4384569889999
19  15  310.48147999699995
19  16  666.397671938
19  17  166.05593377699998
19  18  0.5576298906799999
19  19  1688.7843019960999
19  20  3917.0032396869997
19  21  5.9226939668893
19  22  922.6253159269999
19  23  1832.854098077
19  24  58.74873102295
19  25  390.317308861
19  26  4385.409904238999
19  27  268.10750785420004
19  28  482.54727670369994
19  29  12040.931614828998
19  30  704.3353949793
19  31  4172.150189487999
19  32  1473.3721526342001
19  33  16992.85084589
19  34  6239.285544689999
19  35  6619.775938352999
19  36  4454.929282491
19  37  0.4113667022696
19  38  7162.3159351470995
19  39  5635.0569387745
19  40  11.258718478919999
19  41  21418.499797354998
19  42  30459.874289246996
19  43  134.96271767109
19  44  3801.4121249701
19  45  576.0511922219999
19  46  183.94806070542
19  47  503.33662268959995
19  48  4691.947960996999
19  49  474.2993869083999
19  50  0.38487913428169995
19  51  43269.436473302
19  52  1565.8407901585
19  53  17465.335101013996
19  54  649.6552514565001
20  0  2.8437082085700003
20  1  27.483101427599998
20  2  116.41994135210001
20  3  0.7637545910729999
20  4  41.311940196100004
20  5  2.95179226648
20  6  218.48693909900004
20  7  17.13957508475
20  8  906.6339910390001
20  9  82.505141534
20  10  501.08889634799993
20  11  332.99691162780005
20  12  1239.929393818
20  13  1058.092349853
20  14  2971.26922493
20  15  1017.1716945000001
20  16  2288.94107243
20  17  706.34699039
20  18  1.4063236085100002
20  19  3917.0032396869997
20  20  9559.29831579
20  21  13.495414116031
20  22  2768.6749969899997
20  23  4970.80735679
20  24  137.8126107265
20  25  1298.74772768
20  26  11750.25252653
20  27  658.904874404
20  28  1139.9997926889998
20  29  29221.24176843
20  30  1751.2921022310002
20  31  10158.00857776
20  32  3445.002465814
20  33  40989.8077083
20  34  14669.421218300002
20  35  16534.04982151
20  36  10962.21761267
20  37  1.134883503642
20  38  16321.980526956999
20  39  12851.699451515004
20  40  26.7664546644
20  41  49791.340368850004
20  42  70199.25642448998
20  43  309.1025981803
20  44  8708.333621767
20  45  2575.4210364
20  46  428.5901790914
20  47  1308.323902732
20  48  11364.59558319
20  49  1076.602976368
20  50  0.9742270645990001
20  51  98750.98485734002
20  52  3554.8520193950003
20  53  39831.61494838
20  54  1484.4638826550001
21  0  0.003671262489573
21  1  0.03418034308164
21  2  0.14456523358369003
21  3  0.0009860166289196999
21  4  0.04588733311279
21  5  0.003425110488372
21  6  0.23185805499110002
21  7  0.023250796588525
21  8  0.9892247322221001
21  9  0.08153411646860001
21  10  0.3481460836022
21  11  0.5128315056774201
21  12  1.5997653459402001
21  13  1.5583601855217002
21  14  3.1110112476769998
21  15  0.9373864356350001
21  16  1.958011891872
21  17  0.41855336402099996
21  18  0.001898045243474
21  19  5.9226939668893
21  20  13.495414116031
21  21  0.0208946652330009
21  22  2.915053402111
21  23  6.0609187458810005
21  24  0.20524593512835
21  25  1.1682085124870003
21  26  14.574815449267
21  27  0.9213765127106002
21  28  1.6817369058421
21  29  41.568867065777
21  30  2.4101571528309
21  31  14.386705938864
21  32  5.1531348041446
21  33  58.79129584337001
21  34  21.78071795137
21  35  22.614223085189003
21  36  15.302783737963
21  37  0.0013505063269988
21  38  25.266920679192296
21  39  19.8739469887085
21  40  0.03915226156116
21  41  75.058761925015
21  42  107.054611113211
21  43  0.47533031044217
21  44  13.387301955651303
21  45  1.38817031457
21  46  0.6441317923984601
21  47  1.6933899562647998
21  48  16.209188005841
21  49  1.6753880489652002
21  50  0.0013082176428661002
21  51  152.56985947032598
21  52  5.5307905079405
21  53  61.597977754582004
21  54  2.2897945590545
22  0  1.0088107827300001
22  1  10.451162710799998
22  2  44.392832756100006
22  3  0.270943363497
22  4  18.671734756099998
22  5  1.25516347432
22  6  104.58852405100001
22  7  5.47442954235
22  8  419.382095919
22  9  42.741590561200006
22  10  338.892183284
22  11  73.4064704678
22  12  440.40595777000004
22  13  271.622391909
22  14  1445.03364949
22  15  563.516641532
22  16  1349.727867734
22  17  516.65033135
22  18  0.454421526422
22  19  922.6253159269999
22  20  2768.6749969899997
22  21  2.915053402111
22  22  1337.78701547
22  23  1955.6459750299996
22  24  34.150704206499995
22  25  734.9717056720001
22  26  4489.26775821
22  27  195.605959852
22  28  291.169300121
22  29  8293.21313723
22  30  540.7984451909999
22  31  2917.2405227199997
22  32  841.581158054
22  33  11373.8218187
22  34  3671.0922135
22  35  5181.32702391
22  36  3268.42156731
22  37  0.46443075955400004
22  38  3527.789373516999
22  39  2788.989469435
22  40  7.016506001999999
22  41  11851.05206405
22  42  16044.200554889998
22  43  68.51818801229999
22  44  1932.602073607
22  45  1958.1497661120002
22  46  103.06411049939999
22  47  461.796382652
22  48  3202.4877614299994
22  49  227.962116256
22  50  0.31838490631099997
22  51  21505.386262939996
22  52  753.358390435
22  53  8642.84412038
22  54  325.270767615
23  0  1.65700968165
23  1  16.6895878212
23  2  70.8146384801
23  3  0.44503467268499997
23  4  27.938935147099997
23  5  1.9202561873999997
23  6  153.382717975
23  7  9.40380167405
23  8  622.402786669
23  9  61.04641642359999
23  10  447.11314552600004
23  11  150.9751114558
23  12  723.017177034
23  13  516.667040241
23  14  2107.75537981
23  15  787.8278369259999
23  16  1851.4560251520002
23  17  667.7517035699998
23  18  0.776636461876
23  19  1832.854098077
23  20  4970.80735679
23  21  6.0609187458810005
23  22  1955.6459750299996
23  23  3081.54277401
23  24  66.1125405315
23  25  1020.801767686
23  26  7155.693859069999
23  27  347.217477058
23  28  555.2380476049999
23  29  15031.113489129999
23  30  942.986114421
23  31  5258.21970864
23  32  1641.0052671739998
23  33  20835.000878500003
23  34  7071.922604900001
23  35  8975.58920581
23  36  5790.26072939
23  37  0.7208161890279999
23  38  7332.463544307
23  39  5784.317711725
23  40  13.2099668052
23  41  23416.92819095
23  42  32375.293680589995
23  43  140.5067542393
23  44  3960.6492522569997
23  45  2506.3135613160002
23  46  202.58077858939998
23  47  760.104476312
23  48  5823.813434409999
23  49  479.095767732
23  50  0.5414650044049999
23  51  44518.34904053999
23  52  1582.556403565
23  53  17926.387481179998
23  54  671.136531985
24  0  0.0390047367195
24  1  0.36941710806
24  2  1.563568465735
24  3  0.01047577478355
24  4  0.5234410968850001
24  5  0.038249828298
24  6  2.7055221186500003
24  7  0.24160589173749997
24  8  11.384084666149999
24  9  0.9867368813000001
24  10  5.1398563162999995
24  11  5.0485081457300005
24  12  17.0012668503
24  13  15.62878757055
24  14  36.5490046955
24  15  11.7716783015
24  16  25.611591321
24  17  6.826419481499999
24  18  0.01976772779
24  19  58.74873102295
24  20  137.8126107265
24  21  0.20524593512835
24  22  34.150704206499995
24  23  66.1125405315
24  24  2.048790788025
24  25  14.864041809500002
24  26  157.71718187049999
24  27  9.4479028049
24  28  16.85453363515
24  29  423.1015722755
24  30  24.88660768335
24  31  146.711163336
24  32  51.34536624489999
24  33  596.2917259550001
24  34  217.69642655500002
24  35  234.14253615349998
24  36  157.0331263645
24  37  0.0149011899512
24  38  248.21042585745
24  39  195.31633435775
24  40  0.39379694573999996
24  41  745.4665958725001
24  42  1058.1546880464998
24  43  4.682173729355
24  44  131.88655217595
24  45  24.089801889
24  46  6.40543983349
24  47  17.970275411199996
24  48  164.7968002715
24  49  16.4229362898
24  50  0.01365547537615
24  51  1499.980402569
24  52  54.22019070575
24  53  605.361445033
24  54  22.52685863675
25  0  0.510344387424
25  1  5.40192472848
25  2  22.963955610600003
25  3  0.13706675943360003
25  4  10.1031558265
25  5  0.669017354876
25  6  57.3423293528
25  7  2.67027724539
25  8  228.159716457
25  9  23.82759213008
25  10  197.81439469540004
25  11  29.814985216000004
25  12  222.88387615280004
25  13  120.4308159384
25  14  795.016612484
25  15  318.24865298980006
25  16  770.8224124906
25  17  304.91657619399996
25  18  0.2226065832718
25  19  390.317308861
25  20  1298.74772768
25  21  1.1682085124870003
25  22  734.9717056720001
25  23  1020.801767686
25  24  14.864041809500002
25  25  416.69914968380004
25  26  2323.577379402
25  27  92.71162198220001
25  28  128.7627956248
25  29  3856.1156295700002
25  30  260.410985169
25  31  1363.4579565440001
25  32  363.459605236
25  33  5235.442651060001
25  34  1606.2564427800003
25  35  2509.18600161
25  36  1551.899985396
25  37  0.24506945632180002
25  38  1414.350911009
25  39  1121.1776951630002
25  40  3.14381502864
25  41  5043.9214690300005
25  42  6666.52459731
25  43  27.9293817873
25  44  788.3545409510001
25  45  1161.5652991668
25  46  44.122082446200004
25  47  233.23483043800002
25  48  1484.389196686
25  49  90.1226681732
25  50  0.1566109005418
25  51  8665.29244084
25  52  298.01047423100005
25  53  3474.1290598000005
25  54  131.594740419
26  0  3.8707621465500006
26  1  38.8306980684
26  2  164.7344648707
26  3  1.0395976462949998
26  4  64.37167673969999
26  5  4.4394295918
26  6  352.27661032500004
26  7  22.101992723349998
26  8  1432.182043583
26  9  139.60678652520002
26  10  1008.6075222819999
26  11  362.6263287706
26  12  1688.842844638
26  13  1230.008126787
26  14  4836.724349669999
26  15  1795.272678082
26  16  4205.364260264
26  17  1500.6717419899999
26  18  1.824110827732
26  19  4385.409904238999
26  20  11750.25252653
26  21  14.574815449267
26  22  4489.26775821
26  23  7155.693859069999
26  24  157.71718187049999
26  25  2323.577379402
26  26  16644.27120049
26  27  819.582538206
26  28  1322.2253107349998
26  29  35573.75043691
26  30  2220.711313047
26  31  12435.844984479998
26  32  3918.0319176179996
26  33  49375.0313995
26  34  16860.9739243
26  35  21119.10852167
26  36  13664.031534729998
26  37  1.6700666029959998
26  38  17631.893620848998
26  39  13905.920674575002
26  40  31.4098557564
26  41  55994.837131650005
26  42  77599.26612312999
26  43  337.3740686051
26  44  9509.368551499001
26  45  5622.364042812
26  46  484.1231910658
26  47  1776.1175553839998
26  48  13788.833521869998
26  49  1153.415545324
26  50  1.270914493335
26  51  107003.71783777999
26  52  3809.791321455
26  53  43096.66978626
26  54  1612.561782395
27  0  0.197658622188
27  1  1.9165166092800001
27  2  8.119547938560002
27  3  0.05308655779320001
27  4  2.90720445406
27  5  0.207021320492
27  6  15.427299695600002
27  7  1.18593779961
27  8  63.8871437574
27  9  5.854541837120001
27  10  36.262469739400004
27  11  22.747945404880003
27  12  86.18899776800001
27  13  72.62253922440001
27  14  210.00238558400002
27  15  72.5035068082
27  16  163.8807875434
27  17  51.46278619000001
27  18  0.09735426714220001
27  19  268.10750785420004
27  20  658.904874404
27  21  0.9213765127106002
27  22  195.605959852
27  23  347.217477058
27  24  9.4479028049
27  25  92.71162198220001
27  26  819.582538206
27  27  45.459494538200005
27  28  78.23112630760001
27  29  2012.6529009580001
27  30  121.01191336860003
27  31  699.9519441919999
27  32  236.06842735840002
27  33  2820.9217982200007
27  34  1005.9986997000001
27  35  1143.153011286
27  36  756.4363842960001
27  37  0.07943265681940001
27  38  1114.3750050782
27  39  877.5434359610001
27  40  1.8384173280000002
27  41  3409.1669227300004
27  42  4800.570300594
27  43  21.11902947558
27  44  595.0054120322001
27  45  188.3007221412
27  46  29.35454233524
27  47  90.91736912920001
27  48  782.5486034979999
27  49  73.46243953160001
27  50  0.0674738086966
27  51  6743.6111782240005
27  52  242.57251762100003
27  53  2719.7835940480004
27  54  101.39036040900001
28  0  0.325647548811
28  1  3.0961653332399997
28  2  13.106710380509998
28  3  0.08746143845789998
28  4  4.438474945309999
28  5  0.322882556344
28  6  23.048751393699998
28  7  2.006844872265
28  8  96.70734403889999
28  9  8.46732508228
28  10  45.6526486652
28  11  41.38895893538
28  12  141.9514319086
28  13  128.7192470487
28  14  311.794175527
28  15  101.72775646279999
28  16  222.9743949746
28  17  61.51842125299999
28  18  0.1642828511858
28  19  482.54727670369994
28  20  1139.9997926889998
28  21  1.6817369058421
28  22  291.169300121
28  23  555.2380476049999
28  24  16.85453363515
28  25  128.7627956248
28  26  1322.2253107349998
28  27  78.23112630760001
28  28  138.79116897469999
28  29  3497.185096073
28  30  206.4077016141
28  31  1213.20758248
28  32  422.2065656353999
28  33  4924.525100089999
28  34  1791.46005501
28  35  1943.2023675809996
28  36  1300.5054071129998
28  37  0.125460428303
28  38  2033.8114017486996
28  39  1600.5751932744997
28  40  3.2456203282799994
28  41  6124.988143415
28  42  8683.782632138998
28  43  38.39148777992999
28  44  1081.4384359116998
28  45  218.8882585248
28  46  52.64552405813999
28  47  149.99275384519996
28  48  1361.7746750449996
28  49  134.49530948799998
28  50  0.1135455086477
28  51  12293.168471953999
28  52  444.0450616705
28  53  4960.788770497999
28  54  184.6506697845
29  0  8.63395158249
29  1  83.22030992519998
29  2  352.4873802157
29  3  2.318880727761
29  4  124.1542037687
29  5  8.896054658359999
29  6  654.761466643
29  7  52.23088733125
29  8  2721.642395213
29  9  246.22024629400002
29  10  1470.215961546
29  11  1025.2349213526
29  12  3764.4522872660004
29  13  3245.480988981
29  14  8897.08722361
29  15  3023.93283621
29  16  6778.826497180001
29  17  2060.0858269299997
29  18  4.28394640428
29  19  12040.931614828998
29  20  29221.24176843
29  21  41.568867065777
29  22  8293.21313723
29  23  15031.113489129999
29  24  423.1015722755
29  25  3856.1156295700002
29  26  35573.75043691
29  27  2012.6529009580001
29  28  3497.185096073
29  29  89378.69395280999
29  30  5342.7586450769995
29  31  31059.291386720004
29  32  10580.424383438
29  33  125457.45600810001
29  34  45025.5069721
29  35  50417.27894117
29  36  33480.07480159
29  37  3.426052420224
29  38  50274.623215019004
29  39  39581.960993605004
29  40  82.0544594628
29  41  153020.32309895003
29  42  215949.51457483
29  43  951.5484533801
29  44  26807.219793689
29  45  7487.6838876599995
29  46  1316.8223412838001
29  47  3973.0211877439997
29  48  34768.028127929996
29  49  3317.632711196
29  50  2.966554196693
29  51  304119.39643678
29  52  10954.337374165001
29  53  122677.79134046001
29  54  4571.010108185001
30  0  0.532575957933
30  1  5.19103762884
30  2  21.997110807690003
30  3  0.1430376477237
30  4  7.988574137790001
30  5  0.565848162012
30  6  42.6150336831
