0  0  0.02557724766104
0  1  0.1550034670248
0  2  0.8245792167160001
0  3  0.0329680222852
0  4  0.9033217572323999
0  5  0.12351460472839998
0  6  0.68989898289
0  7  0.110865262286
0  8  1.3378333458979998
0  9  0.419412202324
0  10  3.69577809396
0  11  2.248904699328
0  12  7.611525578
0  13  8.46150200496
0  14  6.286740255719999
0  15  4.12572933046
0  16  0.00270821987096
0  17  6.28641893376
0  18  14.16677523264
0  19  0.0150509534348
0  20  18.76247153512
0  21  57.55628536536
0  22  0.3547359599484
0  23  5.90004311256
0  24  14.633826635199998
0  25  0.899168445912
0  26  3.8815571687799992
0  27  14.737560840839999
0  28  3.5098024044000002
0  29  3.924602220252
0  30  154.46920512320003
0  31  21.09743598536
0  32  14.677520495600001
0  33  7.598526314640001
0  34  114.24275643440001
0  35  61.4916599932
0  36  65.3931331624
0  37  71.5011830204
0  38  0.12266826954019999
0  39  86.19132999927999
0  40  125.31909898004
0  41  1.2703256382068
0  42  213.6371075572
0  43  516.13352373
0  44  11.499814555779999
0  45  46.0332886427
0  46  81.33063204319998
0  47  4.38567989804
0  48  5.4908957548
0  49  120.61300303160002
0  50  10.369787122912001
0  51  0.028643819215199998
0  52  832.8972658024002
0  53  142.60888026204003
0  54  303.24982415428
0  55  51.989676840608
1  0  0.1550034670248
1  1  1.1163765693040002
1  2  5.732755933720001
1  3  0.22850040722
1  4  4.8675923702279995
1  5  0.8003446097560001
1  6  7.383881746668
1  7  1.1968364576359998
1  8  15.385161501195997
1  9  3.57103589732
1  10  26.146316930799998
1  11  11.735982536160002
1  12  45.61486827520001
1  13  47.4991306152
1  14  63.793827551279996
1  15  41.57928488276001
1  16  0.018091710064000004
1  17  60.4503349728
1  18  93.5580900656
1  19  0.10054482232
1  20  100.01446135680001
1  21  330.9135527432
1  22  1.911358845708
1  23  57.6158139248
1  24  118.7894396672
1  25  5.90504124024
1  26  35.172792400839995
1  27  171.49859676728
1  28  25.002451918400002
1  29  20.152275806040002
1  30  884.7032790800001
1  31  122.90714944000001
1  32  111.4569576752
1  33  51.387591628
1  34  707.9017341040001
1  35  358.130847828
1  36  398.14267750399995
1  37  430.34034119600005
1  38  0.6207408867140001
1  39  451.2491296856
1  40  646.3696339108001
1  41  6.407838323796
1  42  1150.0801988120002
1  43  2717.2794025000003
1  44  61.191799673000006
1  45  230.82978187500004
1  46  500.86581961599995
1  47  28.017252070800005
1  48  37.985654892
1  49  667.3621050280001
1  50  52.96257240304
1  51  0.19134918768
1  52  4271.040174088001
1  53  723.4856933308001
1  54  1550.1670141156
1  55  260.53323112416
2  0  0.8245792167160001
2  1  5.732755933720001
2  2  29.640408948900003
2  3  1.18214418643
2  4  26.60069150871
2  5  4.19730319916
2  6  35.5516072578
2  7  5.755713471
2  8  73.37279509279999
2  9  17.7987160411
2  10  134.727168844
2  11  64.6360543962
2  12  243.25627059500002
2  13  257.083144809
2  14  309.453848076
2  15  201.89342119000003
2  16  0.094288293089
2  17  295.557437364
2  18  488.73605498600006
2  19  0.524007937445
2  20  547.989141563
2  21  1781.2028343440002
2  22  10.445500958609998
2  23  281.052441359
2  24  596.8819908999999
2  25  30.882589009799997
2  26  173.54808191099997
2  27  816.6508534339999
2  28  128.66167017499998
2  29  111.4328431083
2  30  4766.250261630001
2  31  659.594915399
2  32  566.719555935
2  33  267.15356077600006
2  34  3747.7357418600004
2  35  1922.0709156799999
2  36  2115.86850331
2  37  2292.76135221
2  38  3.444974957205
2  39  2483.290021762
2  40  3570.1790992909996
2  41  35.590555452969994
2  42  6286.48064668
2  43  14933.243800749999
2  44  335.4197199145
2  45  1284.0009471175
2  46  2655.18329198
2  47  147.36931711600002
2  48  196.59120826999998
2  49  3624.21293324
2  50  293.2500598398
2  51  0.9972516819299999
2  52  23624.820026460002
2  53  4012.6221600910003
2  54  8581.299938637
2  55  1449.4589043232
3  0  0.0329680222852
3  1  0.22850040722
3  2  1.18214418643
3  3  0.047149802073
3  4  1.065953727717
3  5  0.167608791828
3  6  1.4086639664760001
3  7  0.228033508292
3  8  2.904600174192
3  9  0.7075251934500001
3  10  5.371690994
3  11  2.59178817774
3  12  9.727822488900001
3  13  10.293644772299999
3  14  12.270207719759998
3  15  8.00605619172
3  16  0.0037631162738999994
3  17  11.72790543
3  18  19.509802079800004
3  19  0.0209135485695
3  20  21.963984284899997
3  21  71.2865930968
3  22  0.41857702796699997
3  23  11.149934108499998
3  24  23.7445005084
3  25  1.23292190166
3  26  6.892371090579999
3  27  32.32394506156
3  28  5.1292493773
3  29  4.46972024961
3  30  190.767075113
3  31  26.3913720069
3  32  22.5687932429
3  33  10.6599869816
3  34  149.77863545399998
3  35  76.905324224
3  36  84.588525249
3  37  91.680166463
3  38  0.13822386639349998
3  39  99.5689078854
3  40  143.19166820969997
3  41  1.428104877619
3  42  251.91926077199997
3  43  598.6895698249999
3  44  13.44445433595
3  45  51.52804923925
3  46  106.12677969
3  47  5.8863382372
3  48  7.841293361
3  49  145.15497666
3  50  11.76393881626
3  51  0.039801060243
3  52  947.649172162
3  53  160.99136092970002
3  54  344.23893990790003
3  55  58.16877355743999
4  0  0.9033217572323999
4  1  4.8675923702279995
4  2  26.60069150871
4  3  1.065953727717
4  4  33.982455063969
4  5  4.184606066844
4  6  13.38769724994
4  7  2.1161993381400004
4  8  22.305620661959995
4  9  11.284705105890001
4  10  117.6755503356
4  11  85.91297872517998
4  12  270.57602114850005
4  13  311.7914570151
4  14  133.9651184796
4  15  88.8959768694
4  16  0.08989155713909999
4  17  145.4065281036
4  18  473.9274177174
4  19  0.49957304249550005
4  20  709.5626300516999
4  21  2094.0524723016
4  22  13.345490432978998
4  23  133.4504504241
4  24  413.64590695799996
4  25  30.19376856222
4  26  97.1583427365
4  27  238.8096513198
4  28  111.1649996385
4  29  151.05372968637
4  30  5631.659915997
4  31  762.0642222680999
4  32  441.2278398945
4  33  250.0615798344
4  34  3981.403320294
4  35  2221.495873512
4  36  2303.1860285489997
4  37  2535.4209267389997
4  38  4.7527076428995
4  39  3287.7002802318
4  40  4813.5479641148995
4  41  49.287975620583
4  42  8040.724044971999
4  43  19635.767138925
4  44  435.27447246254997
4  45  1790.7754650982502
4  46  2845.017744402
4  47  149.9583891324
4  48  177.782257293
4  49  4477.642935276001
4  50  400.09814929122
4  51  0.950749065567
4  52  32077.095477593997
4  53  5518.9918694349
4  54  11695.676132244298
4  55  2023.0525854364798
5  0  0.12351460472839998
5  1  0.8003446097560001
5  2  4.19730319916
5  3  0.167608791828
5  4  4.184606066844
5  5  0.6116314904819999
5  6  4.269183042138
5  7  0.6890526415660001
5  8  8.590893361506
5  9  2.32668729708
5  10  18.9447012562
5  11  10.306046134679999
5  12  36.6066299382
5  13  39.75494727659999
5  14  37.880880770279994
5  15  24.775949352060003
5  16  0.013569807107400002
5  17  36.9011528952
5  18  70.66785010519999
5  19  0.075414310737
5  20  86.59798988859998
5  21  272.7071300156
5  22  1.643257051164
5  23  34.8909951542
5  24  79.4807384232
5  25  4.475611582319999
5  26  22.154603955139997
5  27  95.22729362108001
5  28  18.0416877254
5  29  17.88912829872
5  30  730.8942918580001
5  31  100.4328754494
5  32  77.4677762422
5  33  38.2567753636
5  34  556.24442364
5  35  292.697323726
5  36  316.32931191
5  37  344.415083452
5  38  0.556470180232
5  39  395.41511632079994
5  40  572.0709853644
5  41  5.756705923807999
5  42  989.3403693299999
5  43  2372.2557367
5  44  53.0454706092
5  45  208.20592410799998
5  46  395.08974068399993
5  47  21.6000787694
5  48  27.894653464
5  49  563.838713262
5  50  47.18420670212
5  51  0.143522727138
5  52  3794.824870904
5  53  647.4667216144001
5  54  1380.2312169008
5  55  235.09822367887998
6  0  0.68989898289
6  1  7.383881746668
6  2  35.5516072578
6  3  1.4086639664760001
6  4  13.38769724994
6  5  4.269183042138
6  6  76.560979605858
6  7  12.488870659446002
6  8  167.76227625066602
6  9  29.93658508164
6  10  167.52125329860002
6  11  26.4119675238
6  12  196.0327454262
6  13  159.852288555
6  14  634.4805501982801
6  15  411.20911213086
6  16  0.1034340326178
6  17  574.0119888695999
6  18  521.5226043228
6  19  0.574835457489
6  20  258.3837482694
6  21  1228.79144211
6  22  5.2546064913
6  23  554.6701213206
6  24  939.4291233192
6  25  32.5020496068
6  26  315.48124519794
6  27  1884.5402567578801
6  28  162.2006902374
6  29  40.1503084668
6  30  3236.296681026
6  31  479.54325305579994
6  32  803.1471811542001
6  33  301.5556358772
6  34  3363.1425580560003
6  35  1395.881299014
6  36  1797.2705630459998
6  37  1874.842798788
6  38  1.0895143055399998
6  39  1038.622402812
6  40  1334.063762826
6  41  10.91334218268
6  42  3146.0650165380002
6  43  6492.6432669
6  44  156.4018020264
6  45  370.61852100600004
6  46  2338.222658892
6  47  144.334086951
6  48  233.32083849599996
6  49  2102.9727945659997
6  50  100.93397485859998
6  51  1.093982716386
6  52  8416.5007482
6  53  1299.8947285559998
6  54  2976.1189342919997
6  55  415.60082285519997
7  0  0.110865262286
7  1  1.1968364576359998
7  2  5.755713471
7  3  0.228033508292
7  4  2.1161993381400004
7  5  0.6890526415660001
7  6  12.488870659446002
7  7  2.037368942802
7  8  27.380945097742
7  9  4.87041730028
7  10  27.137652582200005
7  11  4.1346092898
7  12  31.472319099400003
7  13  25.468810328999997
7  14  103.44927816635999
7  15  67.04141577482001
7  16  0.0167189812726
7  17  93.53838907920002
7  18  84.2542052596
7  19  0.092915871163
7  20  40.7280371458
7  21  196.42697367400004
7  22  0.8305818948600001
7  23  90.4016117362
7  24  152.7095451704
7  25  5.249438468400001
7  26  51.37253184677999
7  27  307.60616477955995
7  28  26.281674953800003
7  29  6.2415262644
7  30  517.085232342
7  31  76.77471533859999
7  32  130.36888887540002
7  33  48.768853132400004
7  34  541.3521446320001
7  35  223.473212098
7  36  288.924516962
7  37  301.110863916
7  38  0.16797178926
7  39  162.783071636
7  40  207.82482791799998
7  41  1.67892886868
7  42  497.182422686
7  43  1019.5495823000001
7  44  24.6406787288
7  45  56.766623402
7  46  376.210217284
7  47  23.277604493000002
7  48  37.767189472000005
7  49  334.257270082
7  50  15.647056154999998
7  51  0.176830353462
7  52  1307.4969207600002
7  53  200.730164228
7  54  461.583030396
7  55  63.6245232536
8  0  1.3378333458979998
8  1  15.385161501195997
8  2  73.37279509279999
8  3  2.904600174192
8  4  22.305620661959995
8  5  8.590893361506
8  6  167.76227625066602
8  7  27.380945097742
8  8  369.16659758608193
8  9  64.25365660007999
8  10  347.44061734419995
8  11  39.8132228202
8  12  377.05322290739997
8  13  287.21123531699993
8  14  1385.17527234756
8  15  897.27654848022
8  16  0.2106941919126
8  17  1247.7839576712
8  18  1057.7407700036001
8  19  1.1709346443629998
8  20  418.5702483778
8  21  2275.0569049819997
8  22  8.75317295088
8  23  1207.3064638081999
8  24  2003.0960182583997
8  25  65.77377686399998
8  26  681.9606701553798
8  27  4149.607309360761
8  28  337.02182748979993
8  29  55.978319187
8  30  5965.986324142
8  31  900.1079262185999
8  32  1693.0492984834002
8  33  616.9347894723999
8  34  6615.502000992
8  35  2619.3653383179994
8  36  3496.3438283219994
8  37  3617.739667456
8  38  1.3737811671699998
8  39  1585.7713614
8  40  1905.6275392199996
8  41  13.387175438419998
8  42  5229.537631266
8  43  10116.5661598
8  44  252.08198746379998
8  45  428.647396127
8  46  4582.327399524
8  47  288.55919619499997
8  48  480.82455605199993
8  49  3694.980017502
8  50  136.19981151259998
8  51  2.2284329302619996
8  52  11642.801786479999
8  53  1672.69853083
8  54  4038.5190886099995
8  55  477.35589424399996
9  0  0.419412202324
9  1  3.57103589732
9  2  17.7987160411
9  3  0.7075251934500001
9  4  11.284705105890001
9  5  2.32668729708
9  6  29.93658508164
9  7  4.87041730028
9  8  64.25365660007999
9  9  12.862441508100002
9  10  82.402367564
9  11  25.8711571758
9  12  121.83240212100003
9  13  116.77538225100001
9  14  252.4932364344
9  15  164.03807367480002
9  16  0.05417357827500001
9  17  233.05838012399997
9  18  277.10288255800003
9  19  0.301070091375
9  20  228.063006449
9  21  839.780271016
9  22  4.43063408679
9  23  223.85605210900002
9  24  415.01283375599996
9  25  17.3952514662
9  26  131.38728294819998
9  27  719.5386393244
9  28  79.255000957
9  29  43.2387665577
9  30  2234.0248602500005
9  31  317.184077205
9  32  371.55456742100006
9  33  155.64309956
9  34  1963.8507406200001
9  35  923.89600904
9  36  1083.04491537
9  37  1155.1870730300002
9  38  1.2983167566950002
9  39  1000.006768278
9  40  1397.396034729
9  41  13.32636223723
9  42  2662.3768863600003
9  43  6076.04569625
9  44  139.15171746750002
9  45  474.9259244125001
9  46  1380.0788557800001
9  47  80.283587404
9  48  117.42362680999999
9  49  1608.1184972400001
9  50  112.5916424602
9  51  0.57297348675
9  52  9142.78626994
9  53  1520.0599023290001
9  54  3300.440410303
9  55  535.4225787808
10  0  3.69577809396
10  1  26.146316930799998
10  2  134.727168844
10  3  5.371690994
10  4  117.6755503356
10  5  18.9447012562
10  6  167.52125329860002
10  7  27.137652582200005
10  8  347.44061734419995
10  9  82.402367564
10  10  613.42241266
10  11  284.866733532
10  12  1088.96996854
10  13  1142.60094654
10  14  1452.5861491560001
10  15  947.2158441020001
10  16  0.42688970530000003
10  17  1381.7699685599998
10  18  2210.19575612
10  19  2.3724429264999998
10  20  2421.1408128599996
10  21  7937.70259964
10  22  46.20814883159999
10  23  1315.4995064599998
10  24  2752.10571944
10  25  139.580356248
10  26  807.5916706179999
10  27  3870.0947673560004
10  28  586.19381318
10  29  490.170963408
10  30  21231.139541
10  31  2943.6822354999995
10  32  2597.51844854
10  33  1211.0191306000002
10  34  16837.1632408
10  35  8577.675780599999
10  36  9488.073795799999
10  37  10268.6073692
10  38  15.127253112799998
10  39  10948.632695119999
10  40  15712.841151159997
10  41  156.22208353919996
10  42  27806.881147400003
10  43  65882.64175
10  44  1481.6545046
10  45  5631.990449999999
10  46  11920.9659532
10  47  664.18639566
10  48  893.1507383999999
10  49  16081.445620600001
10  50  1289.1230903079997
10  51  4.515051261
10  52  103904.1691576
10  53  17625.24276016
10  54  37727.20548112
10  55  6357.250783631999
11  0  2.248904699328
11  1  11.735982536160002
11  2  64.6360543962
11  3  2.59178817774
11  4  85.91297872517998
11  5  10.306046134679999
11  6  26.4119675238
11  7  4.1346092898
11  8  39.8132228202
11  9  25.8711571758
11  10  284.866733532
11  11  217.9767794796
11  12  674.7316019699999
11  13  784.397132622
11  14  278.021123532
11  15  185.511762858
11  16  0.22016636410200002
11  17  313.722907992
11  18  1163.246313228
11  19  1.22357631651
11  20  1796.0918350739998
11  21  5251.980310152001
11  22  33.73980372738
11  23  285.021949002
11  24  964.7866455599999
11  25  74.1855638484
11  26  216.72287783999997
11  27  417.02797737599997
11  28  268.69441857
11  29  383.90637586139997
11  30  14131.59271434
11  31  1907.9172014819999
11  32  1049.86362609
11  33  611.020460568
11  34  9878.45680068
11  35  5561.98799964
11  36  5730.01034178
11  37  6318.588146580001
11  38  12.097232038889999
11  39  8338.581741396
11  40  12228.042362477998
11  41  125.49459764225999
11  42  20330.470026839997
11  43  49771.93306349999
11  44  1102.014651261
11  45  4562.284109115
11  46  7065.69296244
11  47  370.22724382800004
11  48  432.43338245999996
11  49  11284.83458772
11  50  1017.4227169284
11  51  2.3286165197399997
11  52  81536.07746268
11  53  14044.061437878001
11  54  29738.647429146
11  55  5154.369075465599
12  0  7.611525578
12  1  45.61486827520001
12  2  243.25627059500002
12  3  9.727822488900001
12  4  270.57602114850005
12  5  36.6066299382
12  6  196.0327454262
12  7  31.472319099400003
12  8  377.05322290739997
12  9  121.83240212100003
12  10  1088.96996854
12  11  674.7316019699999
12  12  2266.59578043
12  13  2528.99890125
12  14  1796.4701020920002
12  15  1179.777576954
12  16  0.8010758741700001
12  17  1806.0498704400002
12  18  4193.57828642
12  19  4.45198553085
12  20  5623.15764691
12  21  17179.956917
12  22  106.25609697750001
12  23  1692.49588559
12  24  4267.706471879999
12  25  266.26324287
12  26  1121.3798041159998
12  27  4147.778439032
12  28  1033.67420111
12  29  1178.4365532450001
12  30  46117.308883900005
12  31  6292.705794869999
12  32  4302.707104630001
12  33  2245.7844050800004
12  34  33952.3948734
12  35  18341.3316046
12  36  19454.9763219
12  37  21286.620660700006
12  38  36.85995813475
12  39  25855.4875983
12  40  37621.12479465
12  41  381.7727446295
12  42  63994.90613820001
12  43  154784.90172249998
12  44  3446.8365253350003
12  45  13838.425909025
12  46  24180.0377838
12  47  1300.9662509000002
12  48  1620.3972469
12  49  36077.2767474
12  50  3114.55073039
12  51  8.4726771129
12  52  250109.96952500002
12  53  42846.48529165
12  54  91076.73870155
12  55  15629.49801368
13  0  8.46150200496
13  1  47.4991306152
13  2  257.083144809
13  3  10.293644772299999
13  4  311.7914570151
13  5  39.75494727659999
13  6  159.852288555
13  7  25.468810328999997
13  8  287.21123531699993
13  9  116.77538225100001
13  10  1142.60094654
13  11  784.397132622
13  12  2528.99890125
13  13  2879.9329977899997
13  14  1531.21820598
13  15  1010.98116669
13  16  0.86008446879
13  17  1602.4519292399998
13  18  4522.187122859999
13  19  4.779926263949999
13  20  6499.302170129999
13  21  19422.785153639998
13  22  122.44428697409998
13  23  1485.1558416899998
13  24  4198.4512878
13  25  287.731167138
13  26  1035.38716332
13  27  3120.8806653599995
13  28  1081.43515785
13  29  1375.875819423
13  30  52199.3497593
13  31  7085.115196889999
13  32  4375.10351865
13  33  2399.7723543599996
13  34  37461.6126906
13  35  20652.784471799998
13  36  21594.0264501
13  37  23717.5702221
13  38  43.19989467104999
13  39  30031.634555219996
13  40  43872.656569709994
13  41  447.8045237757
13  42  73762.9749678
13  43  179514.0552075
13  44  3985.844152845
13  45  16256.593161675
13  46  26735.4380418
13  47  1420.1526954600001
13  48  1715.9571927
13  49  41258.718623400004
13  50  3641.4909121379997
13  51  9.0967887423
13  52  292117.9090326
13  53  50183.08916270999
13  54  106461.42831896999
13  55  18363.591740591997
14  0  6.286740255719999
14  1  63.793827551279996
14  2  309.453848076
14  3  12.270207719759998
14  4  133.9651184796
14  5  37.880880770279994
14  6  634.4805501982801
14  7  103.44927816635999
14  8  1385.17527234756
14  9  252.4932364344
14  10  1452.5861491560001
14  11  278.021123532
14  12  1796.4701020920002
14  13  1531.21820598
14  14  5274.8481845448
14  15  3420.1557660875997
14  16  0.9094194146279999
14  17  4789.744738416
14  18  4600.413853368
14  19  5.054105617139999
14  20  2624.601920364
14  21  11550.33745548
14  22  52.58614754519999
14  23  4623.216550476
14  24  7966.700421071999
14  25  287.18311298399993
14  26  2645.0219380404
14  27  15551.6701692408
14  28  1404.4339254839997
14  29  437.51387030399997
14  30  30505.145726759998
14  31  4467.467650908
14  32  6874.697415371998
14  33  2642.618956872
14  34  30339.72197616
14  35  13006.50909084
14  36  16341.29245356
14  37  17143.22709528
14  38  12.347889287999998
14  39  10866.877118159999
14  40  14387.684319479999
14  41  124.90837924319999
14  42  31521.34410468
14  43  67264.505094
14  44  1592.890788264
14  45  4326.98061456
14  46  21149.649502319997
14  47  1286.8620859799998
14  48  2033.23928976
14  49  20417.664990359997
14  50  1114.6811403719998
14  51  9.618585840360002
14  52  92013.8280312
14  53  14622.04417728
14  54  32793.40010496
14  55  4863.010422096
15  0  4.12572933046
15  1  41.57928488276001
15  2  201.89342119000003
15  3  8.00605619172
15  4  88.8959768694
15  5  24.775949352060003
15  6  411.20911213086
15  7  67.04141577482001
15  8  897.27654848022
15  9  164.03807367480002
15  10  947.2158441020001
15  11  185.511762858
15  12  1179.777576954
15  13  1010.98116669
15  14  3420.1557660875997
15  15  2217.7281643362007
15  16  0.5941016163660001
15  17  3107.2006128720004
15  18  3006.615930436001
15  19  3.3017244498300005
15  20  1744.5348287779998
15  21  7608.9127251400005
15  22  34.895290764600006
15  23  2998.711457242
15  24  5179.582535064001
15  25  187.72997780400001
15  26  1716.9989185197999
15  27  10073.149846699604
15  28  915.642680458
15  29  292.989326364
15  30  20102.331142220002
15  31  2939.808573426
15  32  4475.219321114001
15  33  1725.6171326840004
15  34  19885.56470712
15  35  8559.09713018
15  36  10721.13559242
15  37  11255.196525560003
15  38  8.3015622026
15  39  7246.32906516
15  40  9624.74484558
15  41  84.0572182828
15  42  20919.77471526
15  43  44806.256543
15  44  1059.079792608
15  45  2917.39289182
15  46  13866.74583444
15  47  842.1898063300001
15  48  1326.7228635200004
15  49  13501.98552762
15  50  747.48151111
15  51  6.2835885214200005
15  52  61639.326103600004
15  53  9823.23652268
15  54  21985.566786760002
15  55  3279.4960218159995
16  0  0.00270821987096
16  1  0.018091710064000004
16  2  0.094288293089
16  3  0.0037631162738999994
16  4  0.08989155713909999
16  5  0.013569807107400002
16  6  0.1034340326178
16  7  0.0167189812726
16  8  0.2106941919126
16  9  0.05417357827500001
16  10  0.42688970530000003
16  11  0.22016636410200002
16  12  0.8010758741700001
16  13  0.86008446879
16  14  0.9094194146279999
16  15  0.5941016163660001
16  16  0.00030268799427
16  17  0.8776857965999999
16  18  1.57312256534
16  19  0.0016821909313499998
16  20  1.8567738441699997
16  21  5.92457700764
16  22  0.03529911487409999
16  23  0.83209792565
16  24  1.8350823145199997
16  25  0.09953232961800001
16  26  0.521509975724
16  27  2.340128223368
16  28  0.40703836469
16  29  0.38110083990300003
16  30  15.868084690900002
16  31  2.18694313317
16  32  1.76763717637
16  33  0.8552097758800001
16  34  12.2441477802
16  35  6.3732215242
16  36  6.9416008737
16  37  7.542635542900001
16  38  0.01182503769505
16  39  8.45189785842
16  40  12.19644851331
16  41  0.1222637971037
16  42  21.2489400786
16  43  50.7551157475
16  44  1.1370153410850001
16  45  4.417490811275
16  46  8.687359689
16  47  0.47802526406000007
16  48  0.6260761063
16  49  12.167848239000001
16  50  1.004262476498
16  51  0.0032014166499
16  52  80.82425667260001
16  53  13.76472752431
16  54  29.38105989017
16  55  4.987524623312
17  0  6.28641893376
17  1  60.4503349728
17  2  295.557437364
17  3  11.72790543
17  4  145.4065281036
17  5  36.9011528952
17  6  574.0119888695999
17  7  93.53838907920002
17  8  1247.7839576712
17  9  233.05838012399997
17  10  1381.7699685599998
17  11  313.722907992
17  12  1806.0498704400002
17  13  1602.4519292399998
17  14  4789.744738416
17  15  3107.2006128720004
17  16  0.8776857965999999
17  17  4367.717364960001
17  18  4454.80384152
17  19  4.877745783
17  20  2882.78370756
17  21  11887.30352784
17  22  57.082092339599996
17  23  4210.50010836
17  24  7398.23766384
17  25  278.566245288
17  26  2425.068901248
17  27  14000.117961216001
17  28  1333.93745748
17  29  506.01644074800004
17  30  31473.681762
17  31  4560.5973858
17  32  6449.64269844
17  33  2541.7440888
17  34  30044.443840800002
17  35  13279.8483576
17  36  16305.613510799998
17  37  17198.424973200003
17  38  14.6616128418
17  39  12207.68047272
17  40  16520.83832796
17  41  149.25420596520001
17  42  34248.2762424
17  43  75008.59215000001
17  44  1753.1852024999998
17  45  5235.1378335
17  46  20997.8967912
17  47  1259.6417949600002
17  48  1944.2689163999999
17  49  21616.2664296
17  50  1301.058413448
17  51  9.282951342
17  52  106660.66144560001
17  53  17277.168411960003
17  54  38218.236243720006
17  55  5891.778700991999
18  0  14.16677523264
18  1  93.5580900656
18  2  488.73605498600006
18  3  19.509802079800004
18  4  473.9274177174
18  5  70.66785010519999
18  6  521.5226043228
18  7  84.2542052596
18  8  1057.7407700036001
18  9  277.10288255800003
18  10  2210.19575612
18  11  1163.246313228
18  12  4193.57828642
18  13  4522.187122859999
18  14  4600.413853368
18  15  3006.615930436001
18  16  1.57312256534
18  17  4454.80384152
18  18  8182.037761720001
18  19  8.7426411467
18  20  9796.370729459999
18  21  31100.78955976
18  22  186.1054370994
18  23  4219.34059642
18  24  9415.67068792
18  25  517.874683572
18  26  2656.949093984
18  27  11739.795283648002
18  28  2106.45542074
18  29  2015.7088522620002
18  30  83320.11091780002
18  31  11470.15180154
18  32  9109.220322820001
18  33  4441.049563760001
18  34  63954.50033
18  35  33427.1103036
18  36  36300.444037
18  37  39473.87439220001
18  38  62.605522029700005
18  39  44645.88527668
18  40  64490.02394174
18  41  647.4403917618
18  42  112036.16344599999
18  43  268006.840595
18  44  5999.6217579700005
18  45  23401.770491550003
18  46  45395.1017684
18  47  2491.7825672400004
18  48  3246.2844053999997
18  49  64038.30026120001
18  50  5313.614484452
18  51  16.638323515800003
18  52  427531.9836284
18  53  72862.53407174
18  54  155447.97966218
18  55  26422.645508448
19  0  0.0150509534348
19  1  0.10054482232
19  2  0.524007937445
19  3  0.0209135485695
19  4  0.49957304249550005
19  5  0.075414310737
19  6  0.574835457489
19  7  0.092915871163
19  8  1.1709346443629998
19  9  0.301070091375
19  10  2.3724429264999998
19  11  1.22357631651
19  12  4.45198553085
19  13  4.779926263949999
19  14  5.054105617139999
19  15  3.3017244498300005
19  16  0.0016821909313499998
19  17  4.877745783
19  18  8.7426411467
19  19  0.009348789456749999
19  20  10.319035380849998
19  21  32.9258837582
19  22  0.19617511117049996
19  23  4.624390828249999
19  24  10.198484532599998
19  25  0.55315171209
19  26  2.8982958306199995
19  27  13.005281180839999
19  28  2.26211894345
19  29  2.117970943515
19  30  88.18700665450001
19  31  12.15395382585
19  32  9.82365764185
19  33  4.7528351194
19  34  68.046948501
19  35  35.419229220999995
19  36  38.57800196849999
19  37  41.918256914500006
19  38  0.06571774087525001
19  39  46.9714894521
19  40  67.78185944654999
19  41  0.6794820231184999
19  42  118.091153193
19  43  282.0719587375
19  44  6.318971785425
19  45  24.550240256374998
19  46  48.280070445
19  47  2.6566292003000003
19  48  3.4794229315
19  49  67.62291319500001
19  50  5.581196686489999
19  51  0.0177918984495
19  52  449.18144816299997
19  53  76.49758250155
19  54  163.28547361085
19  55  27.71820769256
20  0  18.76247153512
20  1  100.01446135680001
20  2  547.989141563
20  3  21.963984284899997
20  4  709.5626300516999
20  5  86.59798988859998
20  6  258.3837482694
20  7  40.7280371458
20  8  418.5702483778
20  9  228.063006449
20  10  2421.1408128599996
20  11  1796.0918350739998
20  12  5623.15764691
20  13  6499.302170129999
20  14  2624.601920364
20  15  1744.5348287779998
20  16  1.8567738441699997
20  17  2882.78370756
20  18  9796.370729459999
20  19  10.319035380849998
20  20  14822.13285803
20  21  43604.53141908
20  22  278.6582438726999
20  23  2637.47970951
20  24  8406.612337159999
20  25  624.3385867259999
20  26  1946.4291525319998
20  27  4455.075936503999
20  28  2286.01656327
20  29  3159.786579621
20  30  117288.5488639
20  31  15858.887143269998
20  32  9026.19771511
20  33  5161.09760988
20  34  82600.18093899998
20  35  46230.8975198
20  36  47827.044567499994
20  37  52680.3010471
20  38  99.47010908634999
20  39  68724.19666694
20  40  100675.01196816997
20  41  1031.6695974319
20  42  167898.865295
20  43  410368.8834225
20  44  9093.120530735
20  45  37491.240702024996
20  46  59043.4478302
20  47  3105.8701784200002
20  48  3663.6852797
20  49  93393.7757986
20  50  8370.977648966
20  51  19.638396012899996
20  52  671030.7037922
20  53  115497.48055317
20  54  244692.96425219
20  55  42355.055043183995
21  0  57.55628536536
21  1  330.9135527432
21  2  1781.2028343440002
21  3  71.2865930968
21  4  2094.0524723016
21  5  272.7071300156
21  6  1228.79144211
21  7  196.42697367400004
21  8  2275.0569049819997
21  9  839.780271016
21  10  7937.70259964
21  11  5251.980310152001
21  12  17179.956917
21  13  19422.785153639998
21  14  11550.33745548
21  15  7608.9127251400005
21  16  5.92457700764
21  17  11887.30352784
21  18  31100.78955976
21  19  32.9258837582
21  20  43604.53141908
21  21  131326.34993224
21  22  822.3533376455999
21  23  11067.66673204
21  24  29888.0045368
21  25  1977.3204130080003
21  26  7557.34119902
21  27  24858.29663956
21  28  7520.902054599999
21  29  9198.507305568
21  30  352796.49633880006
21  31  47975.40514724
21  32  30754.0923154
21  33  16559.36502776
21  34  255506.46236960002
21  35  139841.7205188
21  36  146967.0533716
21  37  161198.88769360003
21  38  288.4346593168
21  39  201139.72285551997
21  40  293433.26716136
21  41  2989.0293213311998
21  42  495359.4469948
21  43  1202945.41682
21  44  26736.88358152
21  45  108453.43837680001
21  46  182210.7355688
21  47  9723.62824836
21  48  11880.1711632
21  49  277839.5626244
21  50  24333.554766007997
21  51  62.6620144668
21  52  1952732.8556816
21  53  335135.95499936
21  54  711464.0038755201
21  55  122503.167048672
22  0  0.3547359599484
22  1  1.911358845708
22  2  10.445500958609998
22  3  0.41857702796699997
22  4  13.345490432978998
22  5  1.643257051164
22  6  5.2546064913
22  7  0.8305818948600001
22  8  8.75317295088
22  9  4.43063408679
22  10  46.20814883159999
22  11  33.73980372738
22  12  106.25609697750001
22  13  122.44428697409998
22  14  52.58614754519999
22  15  34.895290764600006
22  16  0.03529911487409999
22  17  57.082092339599996
22  18  186.1054370994
22  19  0.19617511117049996
22  20  278.6582438726999
22  21  822.3533376455999
22  22  5.241002122088999
22  23  52.3873462251
22  24  162.413452602
22  25  11.856749758019998
22  26  38.1441880083
22  27  93.7100117154
22  28  43.6514592315
22  29  59.32218600566999
22  30  2211.606612447
22  31  299.26816097309995
22  32  173.2514810235
22  33  98.19499111439998
22  34  1563.4902850739998
22  35  872.397666672
22  36  904.4633990789999
22  37  995.666589609
22  38  1.8665020801544998
22  39  1291.1467387337998
22  40  1890.3859206758998
22  41  19.356584137652998
22  42  3157.730548812
22  43  7711.352885175
22  44  170.94034705004998
22  45  703.2820625107499
22  46  1117.2363188219997
22  47  58.8876672684
22  48  69.811323783
22  49  1758.4327206359999
22  50  157.12773829302
22  51  0.373345412517
22  52  12597.399075054
22  53  2167.4387953958994
22  54  4593.1597399713
22  55  794.5031932636799
23  0  5.90004311256
23  1  57.6158139248
23  2  281.052441359
23  3  11.149934108499998
23  4  133.4504504241
23  5  34.8909951542
23  6  554.6701213206
23  7  90.4016117362
23  8  1207.3064638081999
23  9  223.85605210900002
23  10  1315.4995064599998
23  11  285.021949002
23  12  1692.49588559
23  13  1485.1558416899998
23  14  4623.216550476
23  15  2998.711457242
23  16  0.83209792565
23  17  4210.50010836
23  18  4219.34059642
23  19  4.624390828249999
23  20  2637.47970951
23  21  11067.66673204
23  22  52.3873462251
23  23  4060.4925285099994
23  24  7093.333315239999
23  25  263.713555278
23  26  2333.9891020279993
23  27  13548.604338375999
23  28  1270.52321203
23  29  456.84445491300005
23  30  29283.415775499998
23  31  4255.67385635
23  32  6165.2364265900005
23  33  2412.090263
23  34  28275.3135158
23  35  12391.382844599999
23  36  15312.6269383
23  37  16126.5878347
23  38  13.15014563455
23  39  11103.63265582
23  40  14942.691235009997
23  41  133.6586467587
23  42  31423.745037399996
23  43  68355.25861250001
23  44  1603.1370742749998
23  45  4673.820775125
23  46  19747.0589942
23  47  1189.38281826
23  48  1848.2058969
23  49  19971.3205586
23  50  1171.926843038
23  51  8.8007856405
23  52  96241.22169860001
23  53  15514.880044010002
23  54  34438.20236807
23  55  5258.288743152
24  0  14.633826635199998
24  1  118.7894396672
24  2  596.8819908999999
24  3  23.7445005084
24  4  413.64590695799996
24  5  79.4807384232
24  6  939.4291233192
24  7  152.7095451704
24  8  2003.0960182583997
24  9  415.01283375599996
24  10  2752.10571944
24  11  964.7866455599999
24  12  4267.706471879999
24  13  4198.4512878
24  14  7966.700421071999
24  15  5179.582535064001
24  16  1.8350823145199997
24  17  7398.23766384
24  18  9415.67068792
24  19  10.198484532599998
24  20  8406.612337159999
24  21  29888.0045368
24  22  162.413452602
24  23  7093.333315239999
24  24  13492.496506079999
24  25  591.9835750799999
24  26  4202.0136302559995
24  27  22408.903143712
24  28  2642.8417747599997
24  29  1627.8183847799999
24  30  79634.9411684
24  31  11229.303687719997
24  32  12225.467127079999
24  33  5255.40293648
24  34  68010.4742664
24  35  32712.394349599996
24  36  37728.226232400004
24  37  40403.4612932
24  38  49.32451651699999
24  39  37224.0916932
24  40  52467.69549659999
24  41  507.32149354599994
24  42  97638.5748072
24  43  225473.68270999996
24  44  5134.06934826
24  45  18150.4122679
24  46  47890.698016799994
24  47  2753.9759116000005
24  48  3942.5241644
24  49  58195.4497464
24  50  4252.669215399999
24  51  19.408972892399998
24  52  344482.028332
24  53  57655.3047086
24  54  124593.1071202
24  55  20471.004128319997
25  0  0.899168445912
25  1  5.90504124024
25  2  30.882589009799997
25  3  1.23292190166
25  4  30.19376856222
25  5  4.475611582319999
25  6  32.5020496068
25  7  5.249438468400001
25  8  65.77377686399998
25  9  17.3952514662
25  10  139.580356248
25  11  74.1855638484
25  12  266.26324287
25  13  287.731167138
25  14  287.18311298399993
25  15  187.72997780400001
25  16  0.09953232961800001
25  17  278.566245288
25  18  517.874683572
25  19  0.55315171209
25  20  624.3385867259999
25  21  1977.3204130080003
25  22  11.856749758019998
25  23  263.713555278
25  24  591.9835750799999
25  25  32.7843496836
25  26  166.45808959799996
25  27  729.7546825800001
25  28  132.99907851
25  29  128.6167929606
25  30  5297.9630280599995
25  31  728.9386102379999
25  32  573.9541639500001
25  33  280.875783312
25  34  4056.29493492
25  35  2124.3425193599996
25  36  2303.65202982
25  37  2505.9716524200003
25  38  3.9965291228099997
25  39  2846.9814996839996
25  40  4114.349919462
25  41  41.33459451954
25  42  7138.00906296
25  43  17087.2570215
25  44  382.387177149
25  45  1494.320530035
25  46  2879.74381116
25  47  157.884821112
25  48  205.16146854000002
25  49  4076.41766808
25  50  339.1044588636
25  51  1.05271587666
25  52  27280.794201720004
25  53  4650.929497062
25  54  9920.112115434
25  55  1687.2520540224
26  0  3.8815571687799992
26  1  35.172792400839995
26  2  173.54808191099997
26  3  6.892371090579999
26  4  97.1583427365
26  5  22.154603955139997
26  6  315.48124519794
26  7  51.37253184677999
26  8  681.9606701553798
26  9  131.38728294819998
26  10  807.5916706179999
26  11  216.72287783999997
26  12  1121.3798041159998
26  13  1035.38716332
26  14  2645.0219380404
26  15  1716.9989185197999
26  16  0.521509975724
26  17  2425.068901248
26  18  2656.949093984
26  19  2.8982958306199995
26  20  1946.4291525319998
26  21  7557.34119902
26  22  38.1441880083
26  23  2333.9891020279993
26  24  4202.0136302559995
26  25  166.45808959799996
26  26  1355.7179979941995
26  27  7645.1302622083995
26  28  778.2618543320001
26  29  356.59582020299996
26  30  20058.563098079998
26  31  2876.1035593639995
26  32  3708.674221356
26  33  1504.489437076
26  34  18361.71026588
26  35  8376.21854942
26  36  10045.469075079998
26  37  10655.32123614
26  38  10.544129408849999
26  39  8401.97744422
26  40  11575.824256009997
26  41  107.84900409849999
26  42  22904.829284739997
26  43  51306.4131145
26  44  1185.8475882369999
26  45  3817.773202855
26  46  12868.089230959999
26  47  760.2698595100001
26  48  1143.2284683799999
26  49  14120.00455958
26  50  923.4725772719999
26  51  5.515814141879999
26  52  75298.75334579998
26  53  12379.17034891
26  54  27094.57357437
26  55  4300.952601351999
27  0  14.737560840839999
27  1  171.49859676728
27  2  816.6508534339999
27  3  32.32394506156
27  4  238.8096513198
27  5  95.22729362108001
27  6  1884.5402567578801
27  7  307.60616477955995
27  8  4149.607309360761
27  9  719.5386393244
27  10  3870.0947673560004
27  11  417.02797737599997
27  12  4147.778439032
27  13  3120.8806653599995
27  14  15551.6701692408
27  15  10073.149846699604
27  16  2.340128223368
27  17  14000.117961216001
27  18  11739.795283648002
27  19  13.005281180839999
27  20  4455.075936503999
27  21  24858.29663956
27  22  93.7100117154
27  23  13548.604338375999
27  24  22408.903143712
27  25  729.7546825800001
27  26  7645.1302622083995
27  27  46647.90143981681
27  28  3755.1300090640007
27  29  575.3027651699999
27  30  65135.814842559994
27  31  9859.240903447999
27  32  18906.919848712
27  33  6856.943621432001
27  34  73053.57495656001
27  35  28689.548487239997
27  36  38536.72183096
27  37  39819.149627080005
27  38  13.7368780891
27  39  16659.3509434
27  40  19704.601742299998
27  41  132.77676158459997
27  42  55961.90120188
27  43  106768.474439
27  44  2680.148269534
27  45  4173.781283609999
27  46  50569.80841232
27  47  3195.1530753
27  48  5350.389024360001
27  49  39979.89814435999
27  50  1387.8652741279998
27  51  24.750652814160002
27  52  119414.99006839999
27  53  16823.6481221
27  54  41213.4609587
27  55  4637.5499109600005
28  0  3.5098024044000002
28  1  25.002451918400002
28  2  128.66167017499998
28  3  5.1292493773
28  4  111.1649996385
28  5  18.0416877254
28  6  162.2006902374
28  7  26.281674953800003
28  8  337.02182748979993
28  9  79.255000957
28  10  586.19381318
28  11  268.69441857
28  12  1033.67420111
28  13  1081.43515785
28  14  1404.4339254839997
28  15  915.642680458
28  16  0.40703836469
28  17  1333.93745748
28  18  2106.45542074
28  19  2.26211894345
28  20  2286.01656327
28  21  7520.902054599999
28  22  43.6514592315
28  23  1270.52321203
28  24  2642.8417747599997
28  25  132.99907851
28  26  778.2618543320001
28  27  3755.1300090640007
28  28  560.3190654699999
28  29  461.97956878499997
28  30  20112.8557723
28  31  2790.74980259
28  32  2488.65838051
28  33  1155.2621135600002
28  34  16005.009915800001
28  35  8131.9406862
28  36  9012.415930300001
28  37  9748.994677900002
28  38  14.246964817750001
28  39  10328.675557899998
28  40  14812.36991645
28  41  147.10795069949998
28  42  26267.2307734
28  43  62168.7619325
28  44  1398.8450405950002
28  45  5301.848501925
28  46  11328.8413046
28  47  632.1608277
28  48  852.7783593
28  49  15210.490425799999
28  50  1214.66137955
28  51  4.305091125300001
28  52  97921.808729
28  53  16601.68260545
28  54  35549.54925815
28  55  5984.40636504
29  0  3.924602220252
29  1  20.152275806040002
29  2  111.4328431083
29  3  4.46972024961
29  4  151.05372968637
29  5  17.88912829872
29  6  40.1503084668
29  7  6.2415262644
29  8  55.978319187
29  9  43.2387665577
29  10  490.170963408
29  11  383.90637586139997
29  12  1178.4365532450001
29  13  1375.875819423
29  14  437.51387030399997
29  15  292.989326364
29  16  0.38110083990300003
29  17  506.01644074800004
29  18  2015.7088522620002
29  19  2.117970943515
29  20  3159.786579621
29  21  9198.507305568
29  22  59.32218600566999
29  23  456.84445491300005
29  24  1627.8183847799999
29  25  128.6167929606
29  26  356.59582020299996
29  27  575.3027651699999
29  28  461.97956878499997
29  29  676.6985164401
29  30  24756.658349010002
29  31  3338.717411673
29  32  1790.381101425
29  33  1056.398248752
29  34  17210.187359820004
29  35  9733.25901156
29  36  9996.11387397
29  37  11032.189532070002
29  38  21.338619045134998
29  39  14683.675505813999
29  40  21549.156267177
29  41  221.39692181859
29  42  35747.304284159996
29  43  87619.53932025001
29  44  1938.9117585915
29  45  8051.0259526725
29  46  12315.64913586
29  47  643.420274952
