SetDesc: The PDF4LHC21 Hessian 40 set, 3-loop QCD, alphas(MZ)=0.118, large-x positivity.
  1+40 symmetric eigenvector sets at alphas(MZ)=0.118
SetIndex: 93100
Authors: The PDF4LHC Working Group
Reference: arXiv:2203.xxxxxx
Format: lhagrid1
DataVersion: 1
NumMembers: 41
Particle: 2212
Flavors: [-5, -4, -3, -2, -1, 1, 2, 3, 4, 5, 21]
OrderQCD: 2
FlavorScheme: variable
NumFlavors: 5
ErrorType: symmhessian
XMin: 0.101563E-05
XMax: 0.100000E+01
QMin: 0.140010E+01
QMax: 0.100000E+06
MZ: 0.911870E+02
MUp: 0
MDown: 0
MStrange: 0
MCharm: 0.140000E+01
MBottom: 0.475000E+01
MTop: 0.100000E+08
AlphaS_MZ: 0.118000E+00
AlphaS_OrderQCD: 2
AlphaS_Type: ipol
AlphaS_Qs: [1.4001, 1.40375, 1.59702, 1.82674, 2.10334, 2.43864, 2.84796, 3.35137,
  3.97532, 4.755, 5.77215, 7.07572, 8.76319, 10.9707, 13.8906, 17.7979, 23.0905, 30.3521,
  40.4498, 54.6914, 75.0774, 104.717, 148.522, 214.385, 315.217, 472.542, 722.951,
  1129.96, 1806.17, 2955.93, 4958.86, 8538.14, 15107.9, 27510.7, 51627.5, 100000]
AlphaS_Vals: [0.362736, 0.362183, 0.336944, 0.31443, 0.294069, 0.275557, 0.258648,
  0.24314, 0.228866, 0.21599, 0.204588, 0.193886, 0.18383, 0.174369, 0.165459, 0.157061,
  0.149137, 0.141655, 0.134585, 0.127899, 0.121574, 0.115585, 0.109912, 0.104536,
  0.0994392, 0.0946044, 0.0900167, 0.0856619, 0.0815268, 0.0775992, 0.0738676, 0.0703214,
  0.0669504, 0.0637455, 0.0606977, 0.0577989]
ForcePositive: 0
