0     0     0.00
0     1     0.00
0     2     0.00
0     3     0.00
0     4     0.00
0     5     0.00
0     6     0.00
0     7     0.00
0     8     0.00
0     9     0.00
0     10     0.00
0     11     0.00
0     12     0.00
0     13     0.00
0     14     0.00
0     15     0.01
0     16     0.00
0     17     0.01
0     18     0.01
0     19     0.00
0     20     0.01
0     21     0.01
0     22     0.00
0     23     0.01
0     24     0.01
0     25     0.00
0     26     0.02
0     27     0.02
0     28     0.00
0     29     0.01
0     30     0.03
0     31     0.00
0     32     0.01
0     33     0.03
0     34     0.00
0     35     0.05
0     36     0.01
0     37     0.07
0     38     0.02
0     39     0.00
0     40     0.06
0     41     0.02
0     42     0.00
0     43     0.06
0     44     0.04
0     45     0.00
0     46     0.07
0     47     0.07
0     48     0.00
0     49     0.05
0     50     0.07
0     51     0.00
0     52     0.02
0     53     0.04
0     54     0.00
0     55     0.05
0     56     0.01
0     57     0.04
0     58     0.01
0     59     0.00
1     0     0.00
1     1     0.00
1     2     0.00
1     3     0.01
1     4     0.00
1     5     0.04
1     6     0.00
1     7     0.09
1     8     0.01
1     9     0.20
1     10     0.03
1     11     0.45
1     12     0.14
1     13     0.81
1     14     0.31
1     15     1.10
1     16     0.59
1     17     2.53
1     18     1.64
1     19     0.00
1     20     2.53
1     21     2.44
1     22     0.00
1     23     2.91
1     24     2.63
1     25     0.05
1     26     3.90
1     27     5.81
1     28     0.15
1     29     2.32
1     30     7.88
1     31     0.42
1     32     0.86
1     33     8.55
1     34     0.93
1     35     11.48
1     36     2.14
1     37     15.79
1     38     4.28
1     39     0.00
1     40     12.01
1     41     4.59
1     42     0.01
1     43     15.52
1     44     9.54
1     45     0.06
1     46     20.00
1     47     15.18
1     48     0.23
1     49     16.58
1     50     14.74
1     51     0.31
1     52     5.33
1     53     11.96
1     54     0.84
1     55     12.22
1     56     1.99
1     57     11.40
1     58     2.75
1     59     0.00
2     0     0.00
2     1     0.00
2     2     0.03
2     3     0.09
2     4     0.00
2     5     0.33
2     6     0.01
2     7     0.71
2     8     0.07
2     9     1.50
2     10     0.23
2     11     3.89
2     12     1.09
2     13     6.95
2     14     2.43
2     15     9.41
2     16     4.60
2     17     20.95
2     18     12.76
2     19     0.00
2     20     19.50
2     21     20.50
2     22     0.04
2     23     23.17
2     24     22.74
2     25     0.33
2     26     29.26
2     27     42.17
2     28     1.12
2     29     18.19
2     30     55.03
2     31     3.15
2     32     7.20
2     33     65.29
2     34     6.98
2     35     89.69
2     36     15.93
2     37     117.92
2     38     34.66
2     39     0.00
2     40     91.73
2     41     36.75
2     42     0.06
2     43     109.11
2     44     70.25
2     45     0.48
2     46     142.36
2     47     124.82
2     48     1.66
2     49     112.65
2     50     118.86
2     51     2.41
2     52     35.37
2     53     88.27
2     54     5.80
2     55     90.29
2     56     14.28
2     57     87.02
2     58     20.30
2     59     0.00
3     0     0.00
3     1     0.01
3     2     0.09
3     3     0.36
3     4     0.00
3     5     1.28
3     6     0.04
3     7     2.86
3     8     0.26
3     9     6.06
3     10     0.96
3     11     14.65
3     12     4.23
3     13     26.31
3     14     9.54
3     15     35.43
3     16     18.09
3     17     80.16
3     18     50.30
3     19     0.00
3     20     77.22
3     21     77.79
3     22     0.14
3     23     90.80
3     24     85.63
3     25     1.37
3     26     117.61
3     27     172.15
3     28     4.57
3     29     71.37
3     30     230.02
3     31     12.71
3     32     27.19
3     33     261.96
3     34     28.20
3     35     353.93
3     36     64.65
3     37     474.60
3     38     134.29
3     39     0.00
3     40     363.61
3     41     143.38
3     42     0.22
3     43     453.58
3     44     285.84
3     45     1.86
3     46     589.37
3     47     482.95
3     48     6.86
3     49     477.28
3     50     463.70
3     51     9.62
3     52     150.81
3     53     360.63
3     54     24.45
3     55     366.25
3     56     59.02
3     57     349.76
3     58     83.07
3     59     0.00
4     0     0.00
4     1     0.00
4     2     0.00
4     3     0.00
4     4     0.00
4     5     0.00
4     6     0.00
4     7     0.00
4     8     0.00
4     9     0.01
4     10     0.00
4     11     0.02
4     12     0.01
4     13     0.04
4     14     0.01
4     15     0.05
4     16     0.02
4     17     0.12
4     18     0.07
4     19     0.00
4     20     0.10
4     21     0.11
4     22     0.00
4     23     0.13
4     24     0.13
4     25     0.00
4     26     0.15
4     27     0.21
4     28     0.01
4     29     0.10
4     30     0.28
4     31     0.02
4     32     0.04
4     33     0.35
4     34     0.04
4     35     0.48
4     36     0.08
4     37     0.61
4     38     0.19
4     39     0.00
4     40     0.47
4     41     0.20
4     42     0.00
4     43     0.55
4     44     0.37
4     45     0.00
4     46     0.73
4     47     0.71
4     48     0.01
4     49     0.55
4     50     0.66
4     51     0.01
4     52     0.16
4     53     0.47
4     54     0.03
4     55     0.47
4     56     0.07
4     57     0.48
4     58     0.11
4     59     0.00
5     0     0.00
5     1     0.04
5     2     0.33
5     3     1.28
5     4     0.00
5     5     4.53
5     6     0.13
5     7     10.36
5     8     0.92
5     9     21.83
5     10     3.46
5     11     51.59
5     12     15.02
5     13     93.28
5     14     33.93
5     15     124.41
5     16     64.49
5     17     283.65
5     18     179.34
5     19     0.01
5     20     274.99
5     21     274.03
5     22     0.51
5     23     325.61
5     24     303.17
5     25     4.96
5     26     422.16
5     27     618.51
5     28     16.51
5     29     253.87
5     30     835.91
5     31     45.81
5     32     94.82
5     33     948.38
5     34     101.80
5     35     1266.42
5     36     234.04
5     37     1700.03
5     38     477.65
5     39     0.00
5     40     1289.95
5     41     511.64
5     42     0.78
5     43     1641.52
5     44     1032.58
5     45     6.62
5     46     2137.56
5     47     1732.52
5     48     24.74
5     49     1737.60
5     50     1663.65
5     51     34.74
5     52     545.38
5     53     1313.49
5     54     89.41
5     55     1319.25
5     56     214.45
5     57     1269.86
5     58     303.50
5     59     0.00
6     0     0.00
6     1     0.00
6     2     0.01
6     3     0.04
6     4     0.00
6     5     0.13
6     6     0.00
6     7     0.33
6     8     0.03
6     9     0.68
6     10     0.11
6     11     1.42
6     12     0.44
6     13     2.59
6     14     1.01
6     15     3.44
6     16     1.94
6     17     8.08
6     18     5.41
6     19     0.00
6     20     8.39
6     21     7.69
6     22     0.02
6     23     9.64
6     24     8.31
6     25     0.16
6     26     13.17
6     27     19.85
6     28     0.53
6     29     7.61
6     30     27.68
6     31     1.44
6     32     2.66
6     33     29.19
6     34     3.19
6     35     38.15
6     36     7.36
6     37     53.26
6     38     13.92
6     39     0.00
6     40     39.60
6     41     15.09
6     42     0.02
6     43     54.07
6     44     32.74
6     45     0.20
6     46     69.72
6     47     49.86
6     48     0.81
6     49     58.81
6     50     48.75
6     51     1.06
6     52     18.80
6     53     41.60
6     54     2.98
6     55     41.71
6     56     6.96
6     57     39.10
6     58     9.61
6     59     0.00
7     0     0.00
7     1     0.09
7     2     0.71
7     3     2.86
7     4     0.00
7     5     10.36
7     6     0.33
7     7     28.12
7     8     2.10
7     9     57.23
7     10     8.94
7     11     124.00
7     12     35.96
7     13     240.23
7     14     81.55
7     15     285.38
7     16     158.45
7     17     688.33
7     18     439.28
7     19     0.02
7     20     651.51
7     21     641.41
7     22     1.21
7     23     871.73
7     24     779.09
7     25     12.72
7     26     1061.47
7     27     1505.48
7     28     43.42
7     29     608.87
7     30     2203.42
7     31     119.40
7     32     194.34
7     33     2664.96
7     34     270.44
7     35     3231.43
7     36     637.97
7     37     4145.06
7     38     1192.63
7     39     0.01
7     40     2881.25
7     41     1304.94
7     42     1.91
7     43     4169.24
7     44     2721.58
7     45     16.10
7     46     5643.53
7     47     4829.29
7     48     61.11
7     49     4518.66
7     50     4537.29
7     51     95.77
7     52     1273.85
7     53     3773.67
7     54     249.11
7     55     3382.67
7     56     581.01
7     57     3668.70
7     58     899.21
7     59     0.00
8     0     0.00
8     1     0.01
8     2     0.07
8     3     0.26
8     4     0.00
8     5     0.92
8     6     0.03
8     7     2.10
8     8     0.19
8     9     4.43
8     10     0.71
8     11     10.32
8     12     3.03
8     13     18.64
8     14     6.86
8     15     24.92
8     16     13.03
8     17     56.95
8     18     36.26
8     19     0.00
8     20     55.73
8     21     54.97
8     22     0.10
8     23     65.55
8     24     60.51
8     25     1.01
8     26     85.70
8     27     126.14
8     28     3.36
8     29     51.32
8     30     170.91
8     31     9.30
8     32     19.07
8     33     191.66
8     34     20.65
8     35     255.82
8     36     47.47
8     37     345.56
8     38     96.12
8     39     0.00
8     40     261.99
8     41     103.07
8     42     0.16
8     43     335.67
8     44     209.85
8     45     1.34
8     46     436.10
8     47     347.17
8     48     5.06
8     49     356.49
8     50     334.32
8     51     7.02
8     52     112.46
8     53     266.32
8     54     18.28
8     55     268.18
8     56     43.69
8     57     256.45
8     58     61.48
8     59     0.00
9     0     0.00
9     1     0.20
9     2     1.50
9     3     6.06
9     4     0.01
9     5     21.83
9     6     0.68
9     7     57.23
9     8     4.43
9     9     117.25
9     10     18.42
9     11     257.25
9     12     74.93
9     13     491.14
9     14     169.90
9     15     598.49
9     16     328.58
9     17     1427.37
9     18     911.78
9     19     0.03
9     20     1363.40
9     21     1339.93
9     22     2.52
9     23     1773.47
9     24     1592.63
9     25     26.27
9     26     2194.56
9     27     3140.25
9     28     89.01
9     29     1269.37
9     30     4524.07
9     31     245.02
9     32     419.09
9     33     5378.72
9     34     552.69
9     35     6647.13
9     36     1297.08
9     37     8630.81
9     38     2460.58
9     39     0.02
9     40     6115.77
9     41     2681.57
9     42     3.97
9     43     8627.04
9     44     5574.73
9     45     33.44
9     46     11573.57
9     47     9731.23
9     48     127.19
9     49     9316.36
9     50     9191.06
9     51     193.99
9     52     2694.28
9     53     7593.70
9     54     505.77
9     55     6968.95
9     56     1184.72
9     57     7364.03
9     58     1798.55
9     59     0.00
10     0     0.00
10     1     0.03
10     2     0.23
10     3     0.96
10     4     0.00
10     5     3.46
10     6     0.11
10     7     8.94
10     8     0.71
10     9     18.42
10     10     2.97
10     11     38.64
10     12     11.71
10     13     72.68
10     14     26.73
10     15     91.34
10     16     51.49
10     17     217.89
10     18     143.36
10     19     0.00
10     20     217.99
10     21     205.00
10     22     0.40
10     23     269.00
10     24     234.32
10     25     4.29
10     26     349.06
10     27     512.94
10     28     14.16
10     29     200.16
10     30     733.82
10     31     38.68
10     32     66.56
10     33     821.54
10     34     86.69
10     35     1032.20
10     36     202.33
10     37     1389.40
10     38     377.42
10     39     0.00
10     40     999.54
10     41     411.51
10     42     0.63
10     43     1411.49
10     44     882.26
10     45     5.22
10     46     1860.18
10     47     1437.33
10     48     20.93
10     49     1536.63
10     50     1379.08
10     51     29.71
10     52     465.35
10     53     1170.33
10     54     80.97
10     55     1110.49
10     56     188.39
10     57     1115.98
10     58     274.63
10     59     0.00
11     0     0.00
11     1     0.45
11     2     3.89
11     3     14.65
11     4     0.02
11     5     51.59
11     6     1.42
11     7     124.00
11     8     10.32
11     9     257.25
11     10     38.64
11     11     649.94
11     12     176.59
11     13     1219.61
11     14     394.49
11     15     1515.47
11     16     757.48
11     17     3484.29
11     18     2092.48
11     19     0.07
11     20     3096.11
11     21     3334.53
11     22     5.77
11     23     4112.39
11     24     3998.97
11     25     53.89
11     26     4832.28
11     27     6685.97
11     28     189.88
11     29     2938.39
11     30     9231.32
11     31     534.53
11     32     1065.25
11     33     11930.33
11     34     1206.06
11     35     15206.90
11     36     2813.45
11     37     18938.70
11     38     5844.99
11     39     0.04
11     40     13846.26
11     41     6276.98
11     42     8.95
11     43     17736.44
11     44     12005.71
11     45     78.26
11     46     24077.99
11     47     23099.16
11     48     263.44
11     49     18467.43
11     50     21492.46
11     51     433.35
11     52     5185.62
11     53     16304.18
11     54     1021.70
11     55     15079.42
11     56     2477.47
11     57     16294.67
11     58     3857.32
11     59     0.00
12     0     0.00
12     1     0.14
12     2     1.09
12     3     4.23
12     4     0.01
12     5     15.02
12     6     0.44
12     7     35.96
12     8     3.03
12     9     74.93
12     10     11.71
12     11     176.59
12     12     50.57
12     13     326.61
12     14     114.05
12     15     418.69
12     16     218.23
12     17     967.09
12     18     605.63
12     19     0.02
12     20     915.30
12     21     925.63
12     22     1.69
12     23     1140.32
12     24     1063.28
12     25     16.66
12     26     1427.47
12     27     2052.48
12     28     56.42
12     29     852.15
12     30     2833.93
12     31     156.73
12     32     306.89
12     33     3353.95
12     34     350.90
12     35     4340.45
12     36     813.86
12     37     5678.89
12     38     1636.59
12     39     0.01
12     40     4201.32
12     41     1761.83
12     42     2.63
12     43     5495.82
12     44     3538.69
12     45     22.38
12     46     7279.21
12     47     6198.45
12     48     82.09
12     49     5827.87
12     50     5880.27
12     51     122.09
12     52     1749.78
12     53     4654.72
12     54     309.08
12     55     4478.02
12     56     738.38
12     57     4539.47
12     58     1088.92
12     59     0.00
13     0     0.00
13     1     0.81
13     2     6.95
13     3     26.31
13     4     0.04
13     5     93.28
13     6     2.59
13     7     240.23
13     8     18.64
13     9     491.14
13     10     72.68
13     11     1219.61
13     12     326.61
13     13     2352.90
13     14     728.91
13     15     2784.44
13     16     1412.94
13     17     6527.68
13     18     3893.99
13     19     0.13
13     20     5653.93
13     21     6164.32
13     22     10.59
13     23     7992.26
13     24     7720.02
13     25     100.57
13     26     9042.51
13     27     12221.54
13     28     361.45
13     29     5420.16
13     30     17465.55
13     31     1016.72
13     32     1852.07
13     33     23556.33
13     34     2315.25
13     35     28849.49
13     36     5462.79
13     37     34862.20
13     38     11044.70
13     39     0.07
13     40     24484.08
13     41     11949.85
13     42     16.56
13     43     32947.19
13     44     22912.95
13     45     145.69
13     46     45738.61
13     47     45813.36
13     48     482.71
13     49     34514.09
13     50     42157.44
13     51     849.14
13     52     9035.65
13     53     32390.09
13     54     1985.28
13     55     28409.86
13     56     4771.37
13     57     32558.82
13     58     7767.22
13     59     0.00
14     0     0.00
14     1     0.31
14     2     2.43
14     3     9.54
14     4     0.01
14     5     33.93
14     6     1.01
14     7     81.55
14     8     6.86
14     9     169.90
14     10     26.73
14     11     394.49
14     12     114.05
14     13     728.91
14     14     257.67
14     15     937.16
14     16     493.04
14     17     2169.55
14     18     1369.24
14     19     0.05
14     20     2075.21
14     21     2074.70
14     22     3.83
14     23     2564.20
14     24     2369.50
14     25     38.14
14     26     3240.90
14     27     4686.07
14     28     128.37
14     29     1926.22
14     30     6483.67
14     31     355.71
14     32     690.26
14     33     7570.64
14     34     795.72
14     35     9799.23
14     36     1844.97
14     37     12915.82
14     38     3680.03
14     39     0.03
14     40     9553.24
14     41     3965.58
14     42     5.96
14     43     12580.54
14     44     8040.98
14     45     50.49
14     46     16612.46
14     47     13867.20
14     48     187.95
14     49     13388.04
14     50     13196.23
14     51     275.57
14     52     4049.68
14     53     10542.28
14     54     706.48
14     55     10181.12
14     56     1682.22
14     57     10237.31
14     58     2463.35
14     59     0.00
15     0     0.01
15     1     1.10
15     2     9.41
15     3     35.43
15     4     0.05
15     5     124.41
15     6     3.44
15     7     285.38
15     8     24.92
15     9     598.49
15     10     91.34
15     11     1515.47
15     12     418.69
15     13     2784.44
15     14     937.16
15     15     3591.27
15     16     1787.41
15     17     8156.33
15     18     4948.40
15     19     0.17
15     20     7434.00
15     21     7875.34
15     22     13.80
15     23     9383.94
15     24     9116.87
15     25     128.42
15     26     11418.48
15     27     16129.50
15     28     443.91
15     29     6991.05
15     30     21774.08
15     31     1247.94
15     32     2626.86
15     33     26964.75
15     34     2794.78
15     35     35431.39
15     36     6462.38
15     37     45331.23
15     38     13619.53
15     39     0.11
15     40     34040.33
15     41     14556.43
15     42     21.30
15     43     42404.61
15     44     27985.12
15     45     184.73
15     46     56511.79
15     47     51702.20
15     48     635.94
15     49     44096.57
15     50     48627.70
15     51     985.20
15     52     13060.89
15     53     36765.34
15     54     2360.89
15     55     35497.47
15     56     5747.99
15     57     36458.94
15     58     8596.72
15     59     0.00
16     0     0.00
16     1     0.59
16     2     4.60
16     3     18.09
16     4     0.02
16     5     64.49
16     6     1.94
16     7     158.45
16     8     13.03
16     9     328.58
16     10     51.49
16     11     757.48
16     12     218.23
16     13     1412.94
16     14     493.04
16     15     1787.41
16     16     946.17
16     17     4165.69
16     18     2626.00
16     19     0.09
16     20     3958.89
16     21     3965.75
16     22     7.31
16     23     4985.29
16     24     4593.81
16     25     73.32
16     26     6229.54
16     27     8952.75
16     28     248.10
16     29     3684.07
16     30     12514.48
16     31     687.16
16     32     1295.59
16     33     14800.13
16     34     1541.54
16     35     18905.28
16     36     3587.24
16     37     24710.47
16     38     7087.72
16     39     0.06
16     40     18067.02
16     41     7657.18
16     42     11.42
16     43     24155.18
16     44     15551.52
16     45     96.81
16     46     32095.26
16     47     27149.97
16     48     359.49
16     49     25761.71
16     50     25736.08
16     51     537.33
16     52     7662.05
16     53     20652.67
16     54     1374.49
16     55     19613.49
16     56     3263.29
16     57     20095.42
16     58     4848.13
16     59     0.00
17     0     0.01
17     1     2.53
17     2     20.95
17     3     80.16
17     4     0.12
17     5     283.65
17     6     8.08
17     7     688.33
17     8     56.95
17     9     1427.37
17     10     217.89
17     11     3484.29
17     12     967.09
17     13     6527.68
17     14     2169.55
17     15     8156.33
17     16     4165.69
17     17     18852.84
17     18     11527.27
17     19     0.40
17     20     17172.29
17     21     18003.28
17     22     31.90
17     23     22381.25
17     24     21338.83
17     25     306.37
17     26     26897.94
17     27     37754.89
17     28     1062.78
17     29     16178.85
17     30     52415.49
17     31     2973.05
17     32     5792.67
17     33     65510.76
17     34     6694.42
17     35     83505.89
17     36     15605.27
17     37     105878.60
17     38     31797.02
17     39     0.24
17     40     77355.70
17     41     34227.76
17     42     49.62
17     43     100858.41
17     44     66975.38
17     45     428.80
17     46     135816.82
17     47     124347.88
17     48     1498.88
17     49     106042.47
17     50     116462.13
17     51     2378.77
17     52     30452.76
17     53     90248.11
17     54     5786.46
17     55     84236.09
17     56     13913.20
17     57     89299.20
17     58     21293.85
17     59     0.00
18     0     0.01
18     1     1.64
18     2     12.76
18     3     50.30
18     4     0.07
18     5     179.34
18     6     5.41
18     7     439.28
18     8     36.26
18     9     911.78
18     10     143.36
18     11     2092.48
18     12     605.63
18     13     3893.99
18     14     1369.24
18     15     4948.40
18     16     2626.00
18     17     11527.27
18     18     7291.30
18     19     0.25
18     20     11016.97
18     21     10980.23
18     22     20.33
18     23     13772.94
18     24     12652.44
18     25     204.49
18     26     17317.90
18     27     24976.23
18     28     689.50
18     29     10234.24
18     30     34865.53
18     31     1908.00
18     32     3606.05
18     33     40904.46
18     34     4276.35
18     35     52397.21
18     36     9942.50
18     37     68810.24
18     38     19619.15
18     39     0.17
18     40     50429.96
18     41     21192.73
18     42     31.74
18     43     67386.25
18     44     43191.46
18     45     268.56
18     46     89311.78
18     47     74746.81
18     48     1003.79
18     49     71935.21
18     50     70998.83
18     51     1485.78
18     52     21536.29
18     53     57131.51
18     54     3821.50
18     55     54529.82
18     56     9066.89
18     57     55472.80
18     58     13392.40
18     59     0.00
19     0     0.00
19     1     0.00
19     2     0.00
19     3     0.00
19     4     0.00
19     5     0.01
19     6     0.00
19     7     0.02
19     8     0.00
19     9     0.03
19     10     0.00
19     11     0.07
19     12     0.02
19     13     0.13
19     14     0.05
19     15     0.17
19     16     0.09
19     17     0.40
19     18     0.25
19     19     0.00
19     20     0.38
19     21     0.38
19     22     0.00
19     23     0.47
19     24     0.43
19     25     0.01
19     26     0.60
19     27     0.87
19     28     0.02
19     29     0.35
19     30     1.21
19     31     0.07
19     32     0.13
19     33     1.39
19     34     0.15
19     35     1.80
19     36     0.34
19     37     2.40
19     38     0.67
19     39     0.00
19     40     1.77
19     41     0.73
19     42     0.00
19     43     2.35
19     44     1.49
19     45     0.01
19     46     3.10
19     47     2.52
19     48     0.04
19     49     2.52
19     50     2.41
19     51     0.05
19     52     0.77
19     53     1.94
19     54     0.13
19     55     1.89
19     56     0.31
19     57     1.88
19     58     0.45
19     59     0.00
20     0     0.01
20     1     2.53
20     2     19.50
20     3     77.22
20     4     0.10
20     5     274.99
20     6     8.39
20     7     651.51
20     8     55.73
20     9     1363.40
20     10     217.99
20     11     3096.11
20     12     915.30
20     13     5653.93
20     14     2075.21
20     15     7434.00
20     16     3958.89
20     17     17172.29
20     18     11016.97
20     19     0.38
20     20     16876.04
20     21     16466.39
20     22     31.02
20     23     20134.90
20     24     18322.61
20     25     313.43
20     26     26231.51
20     27     38562.30
20     28     1037.72
20     29     15534.95
20     30     53035.44
20     31     2862.95
20     32     5614.81
20     33     59562.35
20     34     6375.88
20     35     78166.02
20     36     14720.00
20     37     105370.41
20     38     29172.44
20     39     0.27
20     40     78775.80
20     41     31416.93
20     42     48.27
20     43     103538.61
20     44     64793.99
20     45     404.51
20     46     135120.06
20     47     106988.88
20     48     1553.15
20     49     110683.97
20     50     102873.06
20     51     2173.32
20     52     34482.17
20     53     83319.03
20     54     5723.53
20     55     82446.66
20     56     13583.18
20     57     80056.29
20     58     19330.76
20     59     0.00
21     0     0.01
21     1     2.44
21     2     20.50
21     3     77.79
21     4     0.11
21     5     274.03
21     6     7.69
21     7     641.41
21     8     54.97
21     9     1339.93
21     10     205.00
21     11     3334.53
21     12     925.63
21     13     6164.32
21     14     2074.70
21     15     7875.34
21     16     3965.75
21     17     18003.28
21     18     10980.23
21     19     0.38
21     20     16466.39
21     21     17314.78
21     22     30.56
21     23     20947.90
21     24     20163.23
21     25     288.58
21     26     25470.70
21     27     35979.13
21     28     996.45
21     29     15477.88
21     30     49071.89
21     31     2793.96
21     32     5715.06
21     33     60653.49
21     34     6266.67
21     35     78887.67
21     36     14528.64
21     37     100896.22
21     38     30185.82
21     39     0.24
21     40     75075.05
21     41     32350.30
21     42     47.31
21     43     95197.55
21     44     62779.45
21     45     409.09
21     46     127164.95
21     47     115543.04
21     48     1423.41
21     49     99508.77
21     50     108630.24
21     51     2211.30
21     52     29258.82
21     53     83093.43
21     54     5351.66
21     55     79420.23
21     56     12957.30
21     57     82211.59
21     58     19481.82
21     59     0.00
22     0     0.00
22     1     0.00
22     2     0.04
22     3     0.14
22     4     0.00
22     5     0.51
22     6     0.02
22     7     1.21
22     8     0.10
22     9     2.52
22     10     0.40
22     11     5.77
22     12     1.69
22     13     10.59
22     14     3.83
22     15     13.80
22     16     7.31
22     17     31.90
22     18     20.33
22     19     0.00
22     20     31.02
22     21     30.56
22     22     0.06
22     23     37.52
22     24     34.36
22     25     0.57
22     26     48.29
22     27     70.53
22     28     1.91
22     29     28.64
22     30     97.22
22     31     5.28
22     32     10.32
22     33     110.89
22     34     11.78
22     35     144.75
22     36     27.25
22     37     193.40
22     38     54.16
22     39     0.00
22     40     144.00
22     41     58.34
22     42     0.09
22     43     189.36
22     44     119.49
22     45     0.75
22     46     248.26
22     47     200.80
22     48     2.84
22     49     202.06
22     50     192.26
22     51     4.04
22     52     62.24
22     53     154.83
22     54     10.53
22     55     151.75
22     56     25.03
22     57     149.41
22     58     36.02
22     59     0.00
23     0     0.01
23     1     2.91
23     2     23.17
23     3     90.80
23     4     0.13
23     5     325.61
23     6     9.64
23     7     871.73
23     8     65.55
23     9     1773.47
23     10     269.00
23     11     4112.39
23     12     1140.32
23     13     7992.26
23     14     2564.20
23     15     9383.94
23     16     4985.29
23     17     22381.25
23     18     13772.94
23     19     0.47
23     20     20134.90
23     21     20947.90
23     22     37.52
23     23     28040.06
23     24     26086.55
23     25     376.97
23     26     32651.35
23     27     45021.25
23     28     1324.39
23     29     19099.00
23     30     65542.60
23     31     3683.14
23     32     6238.91
23     33     84350.69
23     34     8378.83
23     35     102058.67
23     36     19808.26
23     37     126302.42
23     38     38360.94
23     39     0.27
23     40     87559.40
23     41     41787.25
23     42     59.12
23     43     123428.92
23     44     83525.32
23     45     510.21
23     46     169821.27
23     47     158758.49
23     48     1804.21
23     49     131757.27
23     50     147222.96
23     51     3031.96
23     52     35444.88
23     53     117784.40
23     54     7464.20
23     55     103445.19
23     56     17640.44
23     57     116606.52
23     58     28223.22
23     59     0.00
24     0     0.01
24     1     2.63
24     2     22.74
24     3     85.63
24     4     0.13
24     5     303.17
24     6     8.31
24     7     779.09
24     8     60.51
24     9     1592.63
24     10     234.32
24     11     3998.97
24     12     1063.28
24     13     7720.02
24     14     2369.50
24     15     9116.87
24     16     4593.81
24     17     21338.83
24     18     12652.44
24     19     0.43
24     20     18322.61
24     21     20163.23
24     22     34.36
24     23     26086.55
24     24     25353.95
24     25     323.27
24     26     29280.67
24     27     39357.63
24     28     1168.62
24     29     17612.15
24     30     56184.20
24     31     3294.11
24     32     6039.59
24     33     76684.02
24     34     7507.50
24     35     93864.39
24     36     17721.39
24     37     112682.79
24     38     36044.16
24     39     0.23
24     40     79092.48
24     41     38971.18
24     42     53.70
24     43     105881.30
24     44     74166.39
24     45     474.25
24     46     147482.67
24     47     150071.67
24     48     1550.40
24     49     110553.16
24     50     137802.43
24     51     2764.27
24     52     28629.57
24     53     105182.15
24     54     6396.06
24     55     91894.65
24     56     15412.70
24     57     106072.02
24     58     25249.48
24     59     0.00
25     0     0.00
25     1     0.05
25     2     0.33
25     3     1.37
25     4     0.00
25     5     4.96
25     6     0.16
25     7     12.72
25     8     1.01
25     9     26.27
25     10     4.29
25     11     53.89
25     12     16.66
25     13     100.57
25     14     38.14
25     15     128.42
25     16     73.32
25     17     306.37
25     18     204.49
25     19     0.01
25     20     313.43
25     21     288.58
25     22     0.57
25     23     376.97
25     24     323.27
25     25     6.22
25     26     500.61
25     27     744.71
25     28     20.31
25     29     285.92
25     30     1061.88
25     31     55.27
25     32     95.43
25     33     1155.17
25     34     123.50
25     35     1463.45
25     36     287.46
25     37     2003.85
25     38     531.92
25     39     0.01
25     40     1451.75
25     41     580.07
25     42     0.90
25     43     2050.62
25     44     1262.22
25     45     7.41
25     46     2680.53
25     47     1986.79
25     48     30.49
25     49     2240.43
25     50     1921.92
25     51     41.83
25     52     692.15
25     53     1652.88
25     54     116.45
25     55     1593.92
25     56     270.12
25     57     1562.97
25     58     386.07
25     59     0.00
26     0     0.02
26     1     3.90
26     2     29.26
26     3     117.61
26     4     0.15
26     5     422.16
26     6     13.17
26     7     1061.47
26     8     85.70
26     9     2194.56
26     10     349.06
26     11     4832.28
26     12     1427.47
26     13     9042.51
26     14     3240.90
26     15     11418.48
26     16     6229.54
26     17     26897.94
26     18     17317.90
26     19     0.60
26     20     26231.51
26     21     25470.70
26     22     48.29
26     23     32651.35
26     24     29280.67
26     25     500.61
26     26     41613.55
26     27     60511.05
26     28     1672.09
26     29     24243.70
26     30     85524.02
26     31     4598.89
26     32     8309.53
26     33     98266.45
26     34     10309.99
26     35     124623.12
26     36     24020.22
26     37     165415.81
26     38     46155.27
26     39     0.40
26     40     120078.02
26     41     50078.99
26     42     75.74
26     43     164849.70
26     44     104484.57
26     45     634.34
26     46     218014.68
26     47     176059.75
26     48     2449.62
26     49     177659.28
26     50     167939.61
26     51     3561.23
26     52     53408.33
26     53     138537.01
26     54     9409.72
26     55     131683.74
26     56     22115.28
26     57     133412.07
26     58     32503.27
26     59     0.00
27     0     0.02
27     1     5.81
27     2     42.17
27     3     172.15
27     4     0.21
27     5     618.51
27     6     19.85
27     7     1505.48
27     8     126.14
27     9     3140.25
27     10     512.94
27     11     6685.97
27     12     2052.48
27     13     12221.54
27     14     4686.07
27     15     16129.50
27     16     8952.75
27     17     37754.89
27     18     24976.23
27     19     0.87
27     20     38562.30
27     21     35979.13
27     22     70.53
27     23     45021.25
27     24     39357.63
27     25     744.71
27     26     60511.05
27     27     90490.33
27     28     2420.74
27     29     35138.79
27     30     126108.17
27     31     6614.53
27     32     12323.71
27     33     135675.99
27     34     14707.84
27     35     176821.56
27     36     33985.86
27     37     244013.26
27     38     64871.32
27     39     0.63
27     40     181112.43
27     41     70246.56
27     42     110.39
27     43     245920.72
27     44     150473.77
27     45     908.77
27     46     318626.80
27     47     235106.13
27     48     3683.42
27     49     266467.47
27     50     228534.78
27     51     4940.92
27     52     84273.60
27     53     192547.12
27     54     13627.09
27     55     191434.15
27     56     31907.58
27     57     182140.42
27     58     44592.06
27     59     0.00
28     0     0.00
28     1     0.15
28     2     1.12
28     3     4.57
28     4     0.01
28     5     16.51
28     6     0.53
28     7     43.42
28     8     3.36
28     9     89.01
28     10     14.16
28     11     189.88
28     12     56.42
28     13     361.45
28     14     128.37
28     15     443.91
28     16     248.10
28     17     1062.78
28     18     689.50
28     19     0.02
28     20     1037.72
28     21     996.45
28     22     1.91
28     23     1324.39
28     24     1168.62
28     25     20.31
28     26     1672.09
28     27     2420.74
28     28     68.01
28     29     960.06
28     30     3491.63
28     31     186.38
28     32     314.82
28     33     4042.19
28     34     419.54
28     35     5007.85
28     36     983.33
28     37     6604.10
28     38     1839.85
28     39     0.02
28     40     4690.20
28     41     2008.22
28     42     3.02
28     43     6673.28
28     44     4248.79
28     45     25.18
28     46     8891.44
28     47     7190.02
28     48     98.52
28     49     7246.84
28     50     6834.61
28     51     145.81
28     52     2133.40
28     53     5739.69
28     54     388.98
28     55     5321.12
28     56     906.61
28     57     5521.58
28     58     1355.55
28     59     0.00
29     0     0.01
29     1     2.32
29     2     18.19
29     3     71.37
29     4     0.10
29     5     253.87
29     6     7.61
29     7     608.87
29     8     51.32
29     9     1269.37
29     10     200.16
29     11     2938.39
29     12     852.15
29     13     5420.16
29     14     1926.22
29     15     6991.05
29     16     3684.07
29     17     16178.85
29     18     10234.24
29     19     0.35
29     20     15534.95
29     21     15477.88
29     22     28.64
29     23     19099.00
29     24     17612.15
29     25     285.92
29     26     24243.70
29     27     35138.79
29     28     960.06
29     29     14402.45
29     30     48572.76
29     31     2658.68
29     32     5168.03
29     33     56401.43
29     34     5943.63
29     35     73151.52
29     36     13772.36
29     37     96729.31
29     38     27448.05
29     39     0.24
29     40     71661.79
29     41     29574.77
29     42     44.60
29     43     94333.99
29     44     60110.44
29     45     377.14
29     46     124351.92
29     47     103033.59
29     48     1410.21
29     49     100452.67
29     50     98189.87
29     51     2053.71
29     52     30520.14
29     53     78588.26
29     54     5285.07
29     55     76164.52
29     56     12578.84
29     57     76202.21
29     58     18344.59
29     59     0.00
30     0     0.03
30     1     7.88
30     2     55.03
30     3     230.02
30     4     0.28
30     5     835.91
30     6     27.68
30     7     2203.42
30     8     170.91
30     9     4524.07
30     10     733.82
30     11     9231.32
30     12     2833.93
30     13     17465.55
30     14     6483.67
30     15     21774.08
30     16     12514.48
30     17     52415.49
30     18     34865.53
30     19     1.21
30     20     53035.44
30     21     49071.89
30     22     97.22
30     23     65542.60
30     24     56184.20
30     25     1061.88
30     26     85524.02
30     27     126108.17
30     28     3491.63
30     29     48572.76
30     30     182026.44
30     31     9503.53
30     32     15793.93
30     33     201978.09
30     34     21316.62
30     35     251569.09
30     36     49845.38
30     37     340163.53
30     38     91333.57
30     39     0.83
30     40     242722.27
30     41     99915.71
30     42     153.74
30     43     349243.03
30     44     217274.70
30     45     1264.26
30     46     460302.86
30     47     349359.51
30     48     5168.01
30     49     382306.43
30     50     335783.95
30     51     7290.19
30     52     115638.57
30     53     289370.07
30     54     20156.88
30     55     272987.82
30     56     46637.08
30     57     274778.72
30     58     68001.09
30     59     0.00
31     0     0.00
31     1     0.42
31     2     3.15
31     3     12.71
31     4     0.02
31     5     45.81
31     6     1.44
31     7     119.40
31     8     9.30
31     9     245.02
31     10     38.68
31     11     534.53
31     12     156.73
31     13     1016.72
31     14     355.71
31     15     1247.94
31     16     687.16
31     17     2973.05
31     18     1908.00
31     19     0.07
31     20     2862.95
31     21     2793.96
31     22     5.28
31     23     3683.14
31     24     3294.11
31     25     55.27
31     26     4598.89
31     27     6614.53
31     28     186.38
31     29     2658.68
31     30     9503.53
31     31     512.46
31     32     881.70
31     33     11173.13
31     34     1154.32
31     35     13870.29
31     36     2705.21
31     37     18134.05
31     38     5126.23
31     39     0.04
31     40     12905.43
31     41     5584.75
31     42     8.32
31     43     18161.98
31     44     11662.07
31     45     69.89
31     46     24273.64
31     47     20109.13
31     48     268.18
31     49     19631.77
31     50     19048.17
31     51     403.28
31     52     5735.49
31     53     15791.15
31     54     1059.01
31     55     14603.04
31     56     2479.11
31     57     15270.10
31     58     3732.40
31     59     0.00
32     0     0.01
32     1     0.86
32     2     7.20
32     3     27.19
32     4     0.04
32     5     94.82
32     6     2.66
32     7     194.34
32     8     19.07
32     9     419.09
32     10     66.56
32     11     1065.25
32     12     306.89
32     13     1852.07
32     14     690.26
32     15     2626.86
32     16     1295.59
32     17     5792.67
32     18     3606.05
32     19     0.13
32     20     5614.81
32     21     5715.06
32     22     10.32
32     23     6238.91
32     24     6039.59
32     25     95.43
32     26     8309.53
32     27     12323.71
32     28     314.82
32     29     5168.03
32     30     15793.93
32     31     881.70
32     32     2100.82
32     33     17469.37
32     34     1937.44
32     35     24890.30
32     36     4377.99
32     37     34007.78
32     38     9564.48
