0     0     0.00
0     1     0.00
0     2     0.00
0     3     0.00
0     4     0.00
0     5     0.00
0     6     0.00
0     7     0.00
0     8     0.00
0     9     0.00
0     10     0.00
0     11     0.00
0     12     0.00
0     13     0.00
0     14     0.00
0     15     0.00
0     16     0.00
0     17     0.01
0     18     0.01
0     19     0.00
0     20     0.01
0     21     0.01
0     22     0.00
0     23     0.01
0     24     0.01
0     25     0.00
0     26     0.01
0     27     0.02
0     28     0.00
0     29     0.01
0     30     0.02
0     31     0.00
0     32     0.00
0     33     0.02
0     34     0.00
0     35     0.04
0     36     0.01
0     37     0.05
0     38     0.02
0     39     0.00
0     40     0.04
0     41     0.02
0     42     0.00
0     43     0.04
0     44     0.03
0     45     0.00
0     46     0.05
0     47     0.05
0     48     0.00
0     49     0.04
0     50     0.05
0     51     0.00
0     52     0.01
0     53     0.03
0     54     0.00
0     55     0.04
0     56     0.01
0     57     0.03
0     58     0.01
0     59     0.00
1     0     0.00
1     1     0.00
1     2     0.00
1     3     0.01
1     4     0.00
1     5     0.03
1     6     0.00
1     7     0.07
1     8     0.01
1     9     0.14
1     10     0.03
1     11     0.30
1     12     0.10
1     13     0.54
1     14     0.23
1     15     0.72
1     16     0.40
1     17     1.60
1     18     1.12
1     19     0.00
1     20     1.57
1     21     1.65
1     22     0.00
1     23     1.82
1     24     1.78
1     25     0.04
1     26     2.39
1     27     3.87
1     28     0.12
1     29     1.42
1     30     5.22
1     31     0.33
1     32     0.53
1     33     5.60
1     34     0.73
1     35     7.49
1     36     1.67
1     37     10.71
1     38     3.28
1     39     0.00
1     40     8.31
1     41     3.57
1     42     0.01
1     43     11.10
1     44     7.56
1     45     0.06
1     46     14.09
1     47     11.79
1     48     0.21
1     49     11.37
1     50     11.22
1     51     0.28
1     52     3.75
1     53     9.34
1     54     0.77
1     55     9.54
1     56     1.79
1     57     8.98
1     58     2.46
1     59     0.00
2     0     0.00
2     1     0.00
2     2     0.02
2     3     0.07
2     4     0.00
2     5     0.23
2     6     0.01
2     7     0.47
2     8     0.05
2     9     0.97
2     10     0.17
2     11     2.41
2     12     0.75
2     13     4.28
2     14     1.67
2     15     5.72
2     16     2.96
2     17     12.44
2     18     8.19
2     19     0.00
2     20     11.37
2     21     13.02
2     22     0.03
2     23     13.55
2     24     14.29
2     25     0.26
2     26     16.76
2     27     26.30
2     28     0.85
2     29     10.33
2     30     33.99
2     31     2.32
2     32     4.22
2     33     39.46
2     34     5.08
2     35     54.58
2     36     11.50
2     37     75.19
2     38     24.85
2     39     0.00
2     40     59.57
2     41     26.66
2     42     0.05
2     43     72.27
2     44     51.55
2     45     0.41
2     46     93.15
2     47     89.43
2     48     1.40
2     49     72.28
2     50     83.29
2     51     2.03
2     52     23.39
2     53     63.38
2     54     4.89
2     55     64.69
2     56     11.86
2     57     63.22
2     58     16.70
2     59     0.00
3     0     0.00
3     1     0.01
3     2     0.07
3     3     0.25
3     4     0.00
3     5     0.84
3     6     0.03
3     7     1.80
3     8     0.19
3     9     3.70
3     10     0.64
3     11     8.51
3     12     2.75
3     13     15.21
3     14     6.11
3     15     20.16
3     16     10.92
3     17     44.54
3     18     30.21
3     19     0.00
3     20     42.07
3     21     46.11
3     22     0.11
3     23     49.86
3     24     50.56
3     25     1.03
3     26     63.22
3     27     100.46
3     28     3.26
3     29     38.09
3     30     133.49
3     31     8.79
3     32     14.82
3     33     149.70
3     34     19.36
3     35     202.07
3     36     43.99
3     37     282.62
3     38     90.06
3     39     0.00
3     40     220.19
3     41     97.61
3     42     0.18
3     43     283.04
3     44     197.79
3     45     1.50
3     46     363.06
3     47     327.02
3     48     5.45
3     49     287.19
3     50     307.18
3     51     7.63
3     52     93.04
3     53     245.62
3     54     19.50
3     55     248.41
3     56     46.24
3     57     240.52
3     58     64.84
3     59     0.00
4     0     0.00
4     1     0.00
4     2     0.00
4     3     0.00
4     4     0.00
4     5     0.00
4     6     0.00
4     7     0.00
4     8     0.00
4     9     0.01
4     10     0.00
4     11     0.02
4     12     0.00
4     13     0.03
4     14     0.01
4     15     0.04
4     16     0.02
4     17     0.08
4     18     0.05
4     19     0.00
4     20     0.07
4     21     0.08
4     22     0.00
4     23     0.08
4     24     0.09
4     25     0.00
4     26     0.10
4     27     0.15
4     28     0.00
4     29     0.06
4     30     0.19
4     31     0.01
4     32     0.03
4     33     0.24
4     34     0.03
4     35     0.33
4     36     0.07
4     37     0.44
4     38     0.15
4     39     0.00
4     40     0.34
4     41     0.16
4     42     0.00
4     43     0.40
4     44     0.30
4     45     0.00
4     46     0.53
4     47     0.57
4     48     0.01
4     49     0.40
4     50     0.52
4     51     0.01
4     52     0.12
4     53     0.38
4     54     0.03
4     55     0.37
4     56     0.07
4     57     0.39
4     58     0.10
4     59     0.00
5     0     0.00
5     1     0.03
5     2     0.23
5     3     0.84
5     4     0.00
5     5     2.78
5     6     0.10
5     7     6.12
5     8     0.62
5     9     12.49
5     10     2.18
5     11     28.43
5     12     9.18
5     13     51.18
5     14     20.46
5     15     67.07
5     16     36.63
5     17     149.04
5     18     101.26
5     19     0.00
5     20     140.65
5     21     153.60
5     22     0.38
5     23     168.63
5     24     169.89
5     25     3.49
5     26     212.73
5     27     336.93
5     28     11.02
5     29     127.53
5     30     451.96
5     31     29.68
5     32     48.82
5     33     509.97
5     34     65.53
5     35     680.44
5     36     149.31
5     37     948.02
5     38     302.19
5     39     0.00
5     40     731.72
5     41     328.50
5     42     0.60
5     43     955.26
5     44     669.47
5     45     5.03
5     46     1229.97
5     47     1110.75
5     48     18.33
5     49     972.06
5     50     1041.61
5     51     25.91
5     52     311.37
5     53     840.59
5     54     66.52
5     55     838.71
5     56     157.05
5     57     821.91
5     58     222.41
5     59     0.00
6     0     0.00
6     1     0.00
6     2     0.01
6     3     0.03
6     4     0.00
6     5     0.10
6     6     0.00
6     7     0.23
6     8     0.02
6     9     0.48
6     10     0.09
6     11     0.95
6     12     0.33
6     13     1.71
6     14     0.74
6     15     2.24
6     16     1.34
6     17     5.12
6     18     3.70
6     19     0.00
6     20     5.21
6     21     5.18
6     22     0.01
6     23     6.03
6     24     5.61
6     25     0.14
6     26     8.10
6     27     13.23
6     28     0.43
6     29     4.68
6     30     18.35
6     31     1.13
6     32     1.66
6     33     19.14
6     34     2.51
6     35     24.86
6     36     5.74
6     37     36.04
6     38     10.62
6     39     0.00
6     40     27.38
6     41     11.73
6     42     0.02
6     43     38.83
6     44     26.03
6     45     0.18
6     46     49.19
6     47     38.80
6     48     0.74
6     49     40.31
6     50     37.21
6     51     0.96
6     52     13.22
6     53     32.59
6     54     2.73
6     55     32.83
6     56     6.25
6     57     30.83
6     58     8.61
6     59     0.00
7     0     0.00
7     1     0.07
7     2     0.47
7     3     1.80
7     4     0.00
7     5     6.12
7     6     0.23
7     7     16.16
7     8     1.38
7     9     31.81
7     10     5.48
7     11     66.03
7     12     21.24
7     13     127.18
7     14     47.71
7     15     149.13
7     16     87.54
7     17     349.98
7     18     239.66
7     19     0.01
7     20     323.56
7     21     345.30
7     22     0.87
7     23     436.10
7     24     418.56
7     25     8.71
7     26     518.77
7     27     791.76
7     28     28.23
7     29     298.21
7     30     1156.18
7     31     75.01
7     32     96.71
7     33     1394.48
7     34     169.16
7     35     1683.78
7     36     394.47
7     37     2244.16
7     38     726.51
7     39     0.01
7     40     1573.47
7     41     811.79
7     42     1.43
7     43     2372.17
7     44     1720.31
7     45     11.83
7     46     3172.10
7     47     2993.34
7     48     44.10
7     49     2470.80
7     50     2757.14
7     51     69.33
7     52     705.18
7     53     2377.91
7     54     181.45
7     55     2103.87
7     56     414.46
7     57     2307.83
7     58     641.17
7     59     0.00
8     0     0.00
8     1     0.01
8     2     0.05
8     3     0.19
8     4     0.00
8     5     0.62
8     6     0.02
8     7     1.38
8     8     0.14
8     9     2.81
8     10     0.49
8     11     6.26
8     12     2.05
8     13     11.24
8     14     4.58
8     15     14.81
8     16     8.19
8     17     33.00
8     18     22.67
8     19     0.00
8     20     31.60
8     21     33.96
8     22     0.08
8     23     37.45
8     24     37.28
8     25     0.80
8     26     47.93
8     27     76.50
8     28     2.49
8     29     28.58
8     30     102.95
8     31     6.68
8     32     10.86
8     33     114.02
8     34     14.75
8     35     152.04
8     36     33.59
8     37     213.83
8     38     67.12
8     39     0.00
8     40     165.16
8     41     73.09
8     42     0.14
8     43     217.93
8     44     151.15
8     45     1.12
8     46     279.21
8     47     245.19
8     48     4.18
8     49     222.46
8     50     231.07
8     51     5.79
8     52     71.95
8     53     188.83
8     54     15.15
8     55     189.81
8     56     35.58
8     57     183.51
8     58     49.90
8     59     0.00
9     0     0.00
9     1     0.14
9     2     0.97
9     3     3.70
9     4     0.01
9     5     12.49
9     6     0.48
9     7     31.81
9     8     2.81
9     9     63.13
9     10     10.97
9     11     131.83
9     12     42.82
9     13     249.81
9     14     96.19
9     15     301.11
9     16     175.49
9     17     699.43
9     18     481.71
9     19     0.02
9     20     656.17
9     21     696.14
9     22     1.77
9     23     855.51
9     24     823.00
9     25     17.51
9     26     1040.28
9     27     1609.44
9     28     56.12
9     29     601.49
9     30     2310.31
9     31     149.13
9     32     201.83
9     33     2716.07
9     34     334.76
9     35     3346.96
9     36     776.72
9     37     4533.53
9     38     1447.42
9     39     0.01
9     40     3253.53
9     41     1609.62
9     42     2.88
9     43     4776.48
9     44     3414.77
9     45     23.76
9     46     6313.64
9     47     5801.58
9     48     89.39
9     49     4959.35
9     50     5379.26
9     51     135.53
9     52     1464.06
9     53     4613.48
9     54     357.54
9     55     4204.58
9     56     819.87
9     57     4467.78
9     58     1238.50
9     59     0.00
10     0     0.00
10     1     0.03
10     2     0.17
10     3     0.64
10     4     0.00
10     5     2.18
10     6     0.09
10     7     5.48
10     8     0.49
10     9     10.97
10     10     1.97
10     11     21.80
10     12     7.38
10     13     40.52
10     14     16.70
10     15     50.51
10     16     30.32
10     17     117.35
10     18     83.54
10     19     0.00
10     20     115.68
10     21     117.09
10     22     0.31
10     23     142.60
10     24     133.16
10     25     3.17
10     26     182.94
10     27     291.62
10     28     9.87
10     29     104.91
10     30     415.12
10     31     25.96
10     32     35.38
10     33     457.33
10     34     58.02
10     35     572.40
10     36     133.94
10     37     804.29
10     38     244.23
10     39     0.00
10     40     589.67
10     41     271.80
10     42     0.51
10     43     867.32
10     44     597.87
10     45     4.09
10     46     1121.88
10     47     943.21
10     48     16.30
10     49     904.04
10     50     890.08
10     51     22.83
10     52     281.31
10     53     782.48
10     54     63.34
10     55     744.72
10     56     144.24
10     57     745.92
10     58     208.66
10     59     0.00
11     0     0.00
11     1     0.30
11     2     2.41
11     3     8.51
11     4     0.02
11     5     28.43
11     6     0.95
11     7     66.03
11     8     6.26
11     9     131.83
11     10     21.80
11     11     314.95
11     12     96.20
11     13     590.66
11     14     212.41
11     15     722.82
11     16     384.82
11     17     1624.88
11     18     1056.17
11     19     0.05
11     20     1424.35
11     21     1653.39
11     22     3.85
11     23     1896.94
11     24     1962.41
11     25     34.39
11     26     2185.26
11     27     3278.97
11     28     114.27
11     29     1316.03
11     30     4522.17
11     31     311.85
11     32     486.06
11     33     5732.59
11     34     696.14
11     35     7308.29
11     36     1606.67
11     37     9555.48
11     38     3286.63
11     39     0.03
11     40     7027.35
11     41     3591.09
11     42     6.19
11     43     9341.59
11     44     6995.04
11     45     52.98
11     46     12557.00
11     47     13057.59
11     48     177.03
11     49     9475.29
11     50     11903.81
11     51     289.66
11     52     2715.54
11     53     9425.81
11     54     689.87
11     55     8563.74
11     56     1636.97
11     57     9416.73
11     58     2531.27
11     59     0.00
12     0     0.00
12     1     0.10
12     2     0.75
12     3     2.75
12     4     0.00
12     5     9.18
12     6     0.33
12     7     21.24
12     8     2.05
12     9     42.82
12     10     7.38
12     11     96.20
12     12     30.76
12     13     177.08
12     14     68.55
12     15     223.74
12     16     123.63
12     17     504.15
12     18     340.64
12     19     0.02
12     20     467.90
12     21     513.52
12     22     1.26
12     23     586.41
12     24     586.77
12     25     11.78
12     26     718.78
12     27     1119.28
12     28     37.73
12     29     427.09
12     30     1538.22
12     31     101.49
12     32     156.95
12     33     1797.55
12     34     225.63
12     35     2323.65
12     36     518.09
12     37     3171.84
12     38     1027.22
12     39     0.01
12     40     2378.83
12     41     1124.73
12     42     2.03
12     43     3216.83
12     44     2296.50
12     45     16.92
12     46     4207.50
12     47     3930.93
12     48     61.15
12     49     3290.14
12     50     3652.34
12     51     90.76
12     52     1009.39
12     53     2987.31
12     54     231.30
12     55     2850.07
12     56     542.04
12     57     2925.83
12     58     796.23
12     59     0.00
13     0     0.00
13     1     0.54
13     2     4.28
13     3     15.21
13     4     0.03
13     5     51.18
13     6     1.71
13     7     127.18
13     8     11.24
13     9     249.81
13     10     40.52
13     11     590.66
13     12     177.08
13     13     1139.79
13     14     390.73
13     15     1329.31
13     16     715.41
13     17     3041.07
13     18     1953.64
13     19     0.09
13     20     2588.61
13     21     3047.89
13     22     7.03
13     23     3673.28
13     24     3779.46
13     25     63.45
13     26     4056.59
13     27     5913.40
13     28     215.76
13     29     2417.90
13     30     8444.81
13     31     588.86
13     32     843.27
13     33     11267.99
13     34     1326.64
13     35     13807.51
13     36     3093.05
13     37     17479.47
13     38     6184.52
13     39     0.05
13     40     12286.96
13     41     6816.83
13     42     11.37
13     43     17160.42
13     44     13250.16
13     45     98.13
13     46     23650.28
13     47     25839.71
13     48     320.70
13     49     17514.82
13     50     23287.18
13     51     565.15
13     52     4637.11
13     53     18693.70
13     54     1327.48
13     55     15997.55
13     56     3122.94
13     57     18729.05
13     58     5064.03
13     59     0.00
14     0     0.00
14     1     0.23
14     2     1.67
14     3     6.11
14     4     0.01
14     5     20.46
14     6     0.74
14     7     47.71
14     8     4.58
14     9     96.19
14     10     16.70
14     11     212.41
14     12     68.55
14     13     390.73
14     14     153.11
14     15     494.41
14     16     276.22
14     17     1117.51
14     18     761.32
14     19     0.04
14     20     1048.11
14     21     1136.15
14     22     2.82
14     23     1304.96
14     24     1293.41
14     25     26.70
14     26     1615.00
14     27     2528.15
14     28     85.05
14     29     955.17
14     30     3486.48
14     31     227.97
14     32     348.00
14     33     4023.24
14     34     506.91
14     35     5189.61
14     36     1164.15
14     37     7129.05
14     38     2282.98
14     39     0.02
14     40     5342.45
14     41     2504.11
14     42     4.54
14     43     7297.12
14     44     5171.28
14     45     37.74
14     46     9513.47
14     47     8716.44
14     48     138.58
14     49     7483.36
14     50     8124.32
14     51     202.89
14     52     2310.49
14     53     6712.30
14     54     524.53
14     55     6427.08
14     56     1224.22
14     57     6544.95
14     58     1788.09
14     59     0.00
15     0     0.00
15     1     0.72
15     2     5.72
15     3     20.16
15     4     0.04
15     5     67.07
15     6     2.24
15     7     149.13
15     8     14.81
15     9     301.11
15     10     50.51
15     11     722.82
15     12     223.74
15     13     1329.31
15     14     494.41
15     15     1680.49
15     16     889.58
15     17     3735.93
15     18     2449.66
15     19     0.12
15     20     3342.22
15     21     3838.64
15     22     9.02
15     23     4263.01
15     24     4422.00
15     25     80.05
15     26     5060.16
15     27     7740.16
15     28     261.76
15     29     3066.04
15     30     10443.17
15     31     713.95
15     32     1171.84
15     33     12755.58
15     34     1583.83
15     35     16712.93
15     36     3630.04
15     37     22339.11
15     38     7531.78
15     39     0.07
15     40     16891.41
15     41     8182.72
15     42     14.41
15     43     21808.12
15     44     15985.69
15     45     122.75
15     46     28823.64
15     47     28878.77
15     48     416.90
15     49     22039.84
15     50     26557.12
15     51     647.86
15     52     6636.11
15     53     20848.17
15     54     1561.17
15     55     19757.81
15     56     3724.38
15     57     20772.24
15     58     5562.40
15     59     0.00
16     0     0.00
16     1     0.40
16     2     2.96
16     3     10.92
16     4     0.02
16     5     36.63
16     6     1.34
16     7     87.54
16     8     8.19
16     9     175.49
16     10     30.32
16     11     384.82
16     12     123.63
16     13     715.41
16     14     276.22
16     15     889.58
16     16     500.16
16     17     2024.70
16     18     1376.30
16     19     0.07
16     20     1884.82
16     21     2046.55
16     22     5.07
16     23     2395.67
16     24     2366.03
16     25     48.39
16     26     2926.58
16     27     4545.55
16     28     155.08
16     29     1723.10
16     30     6342.24
16     31     415.45
16     32     614.69
16     33     7432.94
16     34     926.73
16     35     9448.60
16     36     2135.85
16     37     12858.23
16     38     4146.60
16     39     0.04
16     40     9500.12
16     41     4564.08
16     42     8.20
16     43     13208.71
16     44     9438.56
16     45     68.22
16     46     17344.81
16     47     16127.91
16     48     249.72
16     49     13580.22
16     50     14971.22
16     51     373.76
16     52     4108.38
16     53     12447.66
16     54     963.61
16     55     11680.04
16     56     2241.01
16     57     12144.83
16     58     3326.56
16     59     0.00
17     0     0.01
17     1     1.60
17     2     12.44
17     3     44.54
17     4     0.08
17     5     149.04
17     6     5.12
17     7     349.98
17     8     33.00
17     9     699.43
17     10     117.35
17     11     1624.88
17     12     504.15
17     13     3041.07
17     14     1117.51
17     15     3735.93
17     16     2024.70
17     17     8434.80
17     18     5561.00
17     19     0.26
17     20     7534.66
17     21     8561.62
17     22     20.35
17     23     9897.43
17     24     10088.77
17     25     185.81
17     26     11611.57
17     27     17616.31
17     28     610.15
17     29     6938.99
17     30     24411.36
17     31     1654.78
17     32     2530.82
17     33     30177.30
17     34     3693.83
17     35     38399.45
17     36     8523.34
17     37     50838.13
17     38     17131.12
17     39     0.16
17     40     37408.91
17     41     18766.15
17     42     32.75
17     43     50551.22
17     44     37279.48
17     45     277.89
17     46     67444.88
17     47     67684.24
17     48     956.90
17     49     51523.71
17     50     62041.96
17     51     1522.13
17     52     15028.33
17     53     49929.52
17     54     3721.38
17     55     45790.65
17     56     8768.26
17     57     49499.27
17     58     13389.76
17     59     0.00
18     0     0.01
18     1     1.12
18     2     8.19
18     3     30.21
18     4     0.05
18     5     101.26
18     6     3.70
18     7     239.66
18     8     22.67
18     9     481.71
18     10     83.54
18     11     1056.17
18     12     340.64
18     13     1953.64
18     14     761.32
18     15     2449.66
18     16     1376.30
18     17     5561.00
18     18     3790.26
18     19     0.18
18     20     5205.71
18     21     5634.05
18     22     14.00
18     23     6545.18
18     24     6462.55
18     25     133.49
18     26     8059.11
18     27     12576.12
18     28     426.09
18     29     4750.57
18     30     17463.77
18     31     1140.98
18     32     1708.49
18     33     20271.28
18     34     2541.53
18     35     25931.69
18     36     5848.11
18     37     35488.11
18     38     11381.90
18     39     0.12
18     40     26390.00
18     41     12512.11
18     42     22.61
18     43     36460.41
18     44     25916.36
18     45     187.80
18     46     47687.74
18     47     43873.45
18     48     690.62
18     49     37461.15
18     50     40828.41
18     51     1020.43
18     52     11455.63
18     53     33915.00
18     54     2641.55
18     55     32144.36
18     56     6148.58
18     57     33051.78
18     58     9049.31
18     59     0.00
19     0     0.00
19     1     0.00
19     2     0.00
19     3     0.00
19     4     0.00
19     5     0.00
19     6     0.00
19     7     0.01
19     8     0.00
19     9     0.02
19     10     0.00
19     11     0.05
19     12     0.02
19     13     0.09
19     14     0.04
19     15     0.12
19     16     0.07
19     17     0.26
19     18     0.18
19     19     0.00
19     20     0.25
19     21     0.27
19     22     0.00
19     23     0.31
19     24     0.30
19     25     0.01
19     26     0.38
19     27     0.61
19     28     0.02
19     29     0.23
19     30     0.84
19     31     0.05
19     32     0.08
19     33     0.95
19     34     0.12
19     35     1.22
19     36     0.28
19     37     1.70
19     38     0.54
19     39     0.00
19     40     1.28
19     41     0.59
19     42     0.00
19     43     1.75
19     44     1.23
19     45     0.01
19     46     2.27
19     47     2.03
19     48     0.03
19     49     1.80
19     50     1.90
19     51     0.05
19     52     0.56
19     53     1.59
19     54     0.13
19     55     1.53
19     56     0.29
19     57     1.54
19     58     0.42
19     59     0.00
20     0     0.01
20     1     1.57
20     2     11.37
20     3     42.07
20     4     0.07
20     5     140.65
20     6     5.21
20     7     323.56
20     8     31.60
20     9     656.17
20     10     115.68
20     11     1424.35
20     12     467.90
20     13     2588.61
20     14     1048.11
20     15     3342.22
20     16     1884.82
20     17     7534.66
20     18     5205.71
20     19     0.25
20     20     7227.13
20     21     7685.02
20     22     19.39
20     23     8729.51
20     24     8564.49
20     25     185.76
20     26     11098.72
20     27     17637.35
20     28     583.34
20     29     6550.93
20     30     24158.96
20     31     1557.11
20     32     2407.27
20     33     26958.42
20     34     3452.26
20     35     35195.24
20     36     7901.20
20     37     49244.93
20     38     15412.33
20     39     0.17
20     40     37378.30
20     41     16887.85
20     42     31.23
20     43     50869.00
20     44     35391.03
20     45     257.27
20     46     65553.73
20     47     57526.58
20     48     969.02
20     49     52226.36
20     50     54099.92
20     51     1361.22
20     52     16584.66
20     53     45052.34
20     54     3601.30
20     55     44266.28
20     56     8388.25
20     57     43619.86
20     58     11951.53
20     59     0.00
21     0     0.01
21     1     1.65
21     2     13.02
21     3     46.11
21     4     0.08
21     5     153.60
21     6     5.18
21     7     345.30
21     8     33.96
21     9     696.14
21     10     117.09
21     11     1653.39
21     12     513.52
21     13     3047.89
21     14     1136.15
21     15     3838.64
21     16     2046.55
21     17     8561.62
21     18     5634.05
21     19     0.27
21     20     7685.02
21     21     8775.95
21     22     20.74
21     23     9823.25
21     24     10131.63
21     25     185.70
21     26     11678.71
21     27     17876.90
21     28     606.26
21     29     7050.07
21     30     24249.48
21     31     1650.07
21     32     2668.49
21     33     29535.65
21     34     3664.29
21     35     38498.28
21     36     8407.40
21     37     51500.23
21     38     17294.56
21     39     0.17
21     40     38774.24
21     41     18823.61
21     42     33.18
21     43     50590.81
21     44     37014.46
21     45     281.99
21     46     66877.50
21     47     66562.04
21     48     965.34
21     49     51248.52
21     50     61244.74
21     51     1497.87
21     52     15397.12
21     53     48433.16
21     54     3636.75
21     55     45729.95
21     56     8645.85
21     57     48142.72
21     58     12929.91
21     59     0.00
22     0     0.00
22     1     0.00
22     2     0.03
22     3     0.11
22     4     0.00
22     5     0.38
22     6     0.01
22     7     0.87
22     8     0.08
22     9     1.77
22     10     0.31
22     11     3.85
22     12     1.26
22     13     7.03
22     14     2.82
22     15     9.02
22     16     5.07
22     17     20.35
22     18     14.00
22     19     0.00
22     20     19.39
22     21     20.74
22     22     0.05
22     23     23.63
22     24     23.25
22     25     0.50
22     26     29.81
22     27     47.16
22     28     1.57
22     29     17.60
22     30     64.73
22     31     4.19
22     32     6.45
22     33     72.93
22     34     9.30
22     35     94.88
22     36     21.30
22     37     132.06
22     38     41.61
22     39     0.00
22     40     99.88
22     41     45.60
22     42     0.08
22     43     136.06
22     44     95.16
22     45     0.69
22     46     175.91
22     47     156.32
22     48     2.59
22     49     139.64
22     50     146.63
22     51     3.68
22     52     44.00
22     53     121.82
22     54     9.67
22     55     118.81
22     56     22.55
22     57     118.19
22     58     32.35
22     59     0.00
23     0     0.01
23     1     1.82
23     2     13.55
23     3     49.86
23     4     0.08
23     5     168.63
23     6     6.03
23     7     436.10
23     8     37.45
23     9     855.51
23     10     142.60
23     11     1896.94
23     12     586.41
23     13     3673.28
23     14     1304.96
23     15     4263.01
23     16     2395.67
23     17     9897.43
23     18     6545.18
23     19     0.31
23     20     8729.51
23     21     9823.25
23     22     23.63
23     23     12195.19
23     24     12134.36
23     25     224.96
23     26     13880.70
23     27     20622.35
23     28     748.61
23     29     8113.67
23     30     29941.23
23     31     2015.94
23     32     2706.86
23     33     38249.17
23     34     4550.07
23     35     46270.24
23     36     10624.90
23     37     59798.27
23     38     20342.31
23     39     0.17
23     40     41690.33
23     41     22598.79
23     42     38.50
23     43     61004.64
23     44     45817.80
23     45     326.01
23     46     83071.98
23     47     85059.48
23     48     1134.66
23     49     62984.13
23     50     77325.88
23     51     1908.22
23     52     17164.72
23     53     64397.32
23     54     4722.33
23     55     55566.95
23     56     10930.18
23     57     63546.32
23     58     17425.53
23     59     0.00
24     0     0.01
24     1     1.78
24     2     14.29
24     3     50.56
24     4     0.09
24     5     169.89
24     6     5.61
24     7     418.56
24     8     37.28
24     9     823.00
24     10     133.16
24     11     1962.41
24     12     586.77
24     13     3779.46
24     14     1293.41
24     15     4422.00
24     16     2366.03
24     17     10088.77
24     18     6462.55
24     19     0.30
24     20     8564.49
24     21     10131.63
24     22     23.25
24     23     12134.36
24     24     12539.26
24     25     208.42
24     26     13380.89
24     27     19490.03
24     28     709.77
24     29     7999.72
24     30     27718.68
24     31     1940.42
24     32     2814.24
24     33     37090.77
24     34     4368.40
24     35     45619.95
24     36     10177.30
24     37     57705.90
24     38     20484.88
24     39     0.16
24     40     40711.33
24     41     22546.92
24     42     37.57
24     43     56358.24
24     44     43599.21
24     45     324.93
24     46     77686.94
24     47     85350.75
24     48     1054.74
24     49     57414.04
24     50     76884.06
24     51     1862.26
24     52     15211.15
24     53     61390.03
24     54     4348.16
24     55     52649.27
24     56     10255.90
24     57     61615.89
24     58     16625.10
24     59     0.00
25     0     0.00
25     1     0.04
25     2     0.26
25     3     1.03
25     4     0.00
25     5     3.49
25     6     0.14
25     7     8.71
25     8     0.80
25     9     17.51
25     10     3.17
25     11     34.39
25     12     11.78
25     13     63.45
25     14     26.70
25     15     80.05
25     16     48.39
25     17     185.81
25     18     133.49
25     19     0.01
25     20     185.76
25     21     185.70
25     22     0.50
25     23     224.96
25     24     208.42
25     25     5.11
25     26     293.28
25     27     471.53
25     28     15.81
25     29     167.93
25     30     668.79
25     31     41.48
25     32     56.89
25     33     722.88
25     34     92.56
25     35     910.39
25     36     213.28
25     37     1293.12
25     38     387.16
25     39     0.00
25     40     955.00
25     41     430.75
25     42     0.81
25     43     1401.87
25     44     956.47
25     45     6.52
25     46     1801.86
25     47     1475.92
25     48     26.40
25     49     1462.14
25     50     1400.55
25     51     36.10
25     52     461.85
25     53     1238.70
25     54     101.56
25     55     1195.63
25     56     230.96
25     57     1175.59
25     58     329.59
25     59     0.00
26     0     0.01
26     1     2.39
26     2     16.76
26     3     63.22
26     4     0.10
26     5     212.73
26     6     8.10
26     7     518.77
26     8     47.93
26     9     1040.28
26     10     182.94
26     11     2185.26
26     12     718.78
26     13     4056.59
26     14     1615.00
26     15     5060.16
26     16     2926.58
26     17     11611.57
26     18     8059.11
26     19     0.38
26     20     11098.72
26     21     11678.71
26     22     29.81
26     23     13880.70
26     24     13380.89
26     25     293.28
26     26     17362.75
26     27     27317.08
26     28     927.05
26     29     10106.13
26     30     38421.93
26     31     2462.72
26     32     3525.23
26     33     43683.50
26     34     5496.58
26     35     55233.18
26     36     12672.24
26     37     76348.48
26     38     23942.88
26     39     0.26
26     40     56302.92
26     41     26472.64
26     42     48.37
26     43     80184.62
26     44     56292.81
26     45     397.24
26     46     104468.26
26     47     92632.71
26     48     1512.66
26     49     82952.31
26     50     86660.67
26     51     2189.89
26     52     25492.46
26     53     73846.11
26     54     5842.99
26     55     69907.02
26     56     13460.71
26     57     71282.40
26     58     19708.28
26     59     0.00
27     0     0.02
27     1     3.87
27     2     26.30
27     3     100.46
27     4     0.15
27     5     336.93
27     6     13.23
27     7     791.76
27     8     76.50
27     9     1609.44
27     10     291.62
27     11     3278.97
27     12     1119.28
27     13     5913.40
27     14     2528.15
27     15     7740.16
27     16     4545.55
27     17     17616.31
27     18     12576.12
27     19     0.61
27     20     17637.35
27     21     17876.90
27     22     47.16
27     23     20622.35
27     24     19490.03
27     25     471.53
27     26     27317.08
27     27     44328.07
27     28     1449.04
27     29     15876.15
27     30     61234.66
27     31     3820.85
27     32     5690.13
27     33     64965.83
27     34     8469.27
27     35     84582.13
27     36     19370.44
27     37     121533.30
27     38     36378.24
27     39     0.44
27     40     92400.99
27     41     40082.79
27     42     76.32
27     43     129471.92
27     44     87592.92
27     45     616.31
27     46     164666.36
27     47     133516.03
27     48     2461.42
27     49     134019.61
27     50     127398.36
27     51     3268.28
27     52     43649.68
27     53     110032.32
27     54     9117.57
27     55     110272.81
27     56     20962.27
27     57     104724.62
27     58     29095.07
27     59     0.00
28     0     0.00
28     1     0.12
28     2     0.85
28     3     3.26
28     4     0.00
28     5     11.02
28     6     0.43
28     7     28.23
28     8     2.49
28     9     56.12
28     10     9.87
28     11     114.27
28     12     37.73
28     13     215.76
28     14     85.05
28     15     261.76
28     16     155.08
28     17     610.15
28     18     426.09
28     19     0.02
28     20     583.34
28     21     606.26
28     22     1.57
28     23     748.61
28     24     709.77
28     25     15.81
28     26     927.05
28     27     1449.04
28     28     50.15
28     29     532.89
28     30     2082.76
28     31     132.61
28     32     177.33
28     33     2393.67
28     34     297.52
28     35     2951.46
28     36     689.77
28     37     4047.72
28     38     1267.33
28     39     0.01
28     40     2914.13
28     41     1412.07
28     42     2.56
28     43     4317.82
28     44     3046.59
28     45     20.94
28     46     5668.23
28     47     5039.01
28     48     80.81
28     49     4496.19
28     50     4699.68
28     51     119.31
28     52     1348.74
28     53     4085.02
28     54     321.57
28     55     3763.98
28     56     733.98
28     57     3929.89
28     58     1094.83
28     59     0.00
29     0     0.01
29     1     1.42
29     2     10.33
29     3     38.09
29     4     0.06
29     5     127.53
29     6     4.68
29     7     298.21
29     8     28.58
29     9     601.49
29     10     104.91
29     11     1316.03
29     12     427.09
29     13     2417.90
29     14     955.17
29     15     3066.04
29     16     1723.10
29     17     6938.99
29     18     4750.57
29     19     0.23
29     20     6550.93
29     21     7050.07
29     22     17.60
29     23     8113.67
29     24     7999.72
29     25     167.93
29     26     10106.13
29     27     15876.15
29     28     532.89
29     29     5963.24
29     30     21918.72
29     31     1425.73
29     32     2165.07
29     33     25085.62
29     34     3169.90
29     35     32352.91
29     36     7278.59
29     37     44634.40
29     38     14194.94
29     39     0.15
29     40     33467.04
29     41     15581.76
29     42     28.39
29     43     45912.27
29     44     32383.73
29     45     235.20
29     46     59718.03
29     47     54052.02
29     48     871.71
29     49     47145.59
29     50     50487.25
29     51     1264.45
29     52     14628.30
29     53     41934.16
29     54     3296.19
29     55     40293.09
29     56     7677.63
29     57     40783.18
29     58     11164.67
29     59     0.00
30     0     0.02
30     1     5.22
30     2     33.99
30     3     133.49
30     4     0.19
30     5     451.96
30     6     18.35
30     7     1156.18
30     8     102.95
30     9     2310.31
30     10     415.12
30     11     4522.17
30     12     1538.22
30     13     8444.81
30     14     3486.48
30     15     10443.17
30     16     6342.24
30     17     24411.36
30     18     17463.77
30     19     0.84
30     20     24158.96
30     21     24249.48
30     22     64.73
30     23     29941.23
30     24     27718.68
30     25     668.79
30     26     38421.93
30     27     61234.66
30     28     2082.76
30     29     21918.72
30     30     87790.37
30     31     5464.95
30     32     7264.42
30     33     96663.28
30     34     12234.22
30     35     120005.36
30     36     28288.47
30     37     168592.64
30     38     50968.29
30     39     0.58
30     40     122722.74
30     41     56891.36
30     42     105.86
30     43     183124.45
30     44     126143.48
30     45     853.49
30     46     237158.76
30     47     198321.65
30     48     3433.83
30     49     191366.66
30     50     187175.66
30     51     4814.50
30     52     59258.78
30     53     166041.40
30     54     13454.71
30     55     156963.11
30     56     30525.13
30     57     157919.97
30     58     44325.92
30     59     0.00
31     0     0.00
31     1     0.33
31     2     2.32
31     3     8.79
31     4     0.01
31     5     29.68
31     6     1.13
31     7     75.01
31     8     6.68
31     9     149.13
31     10     25.96
31     11     311.85
31     12     101.49
31     13     588.86
31     14     227.97
31     15     713.95
31     16     415.45
31     17     1654.78
31     18     1140.98
31     19     0.05
31     20     1557.11
31     21     1650.07
31     22     4.19
31     23     2015.94
31     24     1940.42
31     25     41.48
31     26     2462.72
31     27     3820.85
31     28     132.61
31     29     1425.73
31     30     5464.95
31     31     352.39
31     32     481.81
31     33     6389.93
31     34     790.27
31     35     7909.05
31     36     1831.61
31     37     10749.17
31     38     3422.09
31     39     0.03
31     40     7751.49
31     41     3801.66
31     42     6.83
31     43     11316.75
31     44     8066.39
31     45     56.28
31     46     14922.37
31     47     13635.12
31     48     212.09
31     49     11741.97
31     50     12660.68
31     51     319.11
31     52     3490.51
31     53     10844.28
31     54     843.21
31     55     9946.38
31     56     1935.23
31     57     10497.08
31     58     2908.36
31     59     0.00
32     0     0.00
32     1     0.53
32     2     4.22
32     3     14.82
32     4     0.03
32     5     48.82
32     6     1.66
32     7     96.71
32     8     10.86
32     9     201.83
32     10     35.38
32     11     486.06
32     12     156.95
32     13     843.27
32     14     348.00
32     15     1171.84
32     16     614.69
32     17     2530.82
32     18     1708.49
32     19     0.08
32     20     2407.27
32     21     2668.49
32     22     6.45
32     23     2706.86
32     24     2814.24
32     25     56.89
32     26     3525.23
32     27     5690.13
32     28     177.33
32     29     2165.07
32     30     7264.42
32     31     481.81
32     32     897.55
32     33     7882.02
32     34     1050.06
32     35     11201.47
32     36     2357.89
32     37     15968.73
32     38     5062.83
32     39     0.06
32     40     12936.38
32     41     5416.84
32     42     10.19
32     43     15625.36
32     44     10751.28
32     45     85.24
32     46     19684.98
32     47     17385.65
32     48     305.32
32     49     15669.60
32     50     16478.69
32     51     406.55
32     52     5342.06
32     53     12672.19
32     54     1025.67
