Experiment = FASERv2FCC_deep | seed 2 | Neutrino = nunubar,14 | Exp. Target density (nucleons / cm3) = 10^(25.1) | Exp. Target Length = 6600 cm | Total Events = 220078104.0 |    del_theta = 0.1 mrad, theta_max = 3141.6 mrad |        del_Elepton = 30.0 % , Elepton_min = 0.0 GeV, Elepton_max = 200000.0 GeV|    del_Ehadron = 30.0 %, Ehadron_min = 0.0 GeV, Ehadron_max = 200000.0 GeV 
x_lower         x_upper         x_avg          Q2_lower[GeV^2]      Q2_upper[GeV^2]      Q2_avg[GeV^2]       E_nu_lower[GeV]      E_nu_upper[GeV]      E_nu_avg[GeV]       d^sigma/dxdQ2(x_avg,Q2_avg,Enu_avg) pb / GeV^2         N_events        N_events_errs = Sqrt[N_events]     N_sys_errs          fraction_error_theta      fraction_error_Elepton   fraction_error_Ehadron   MC_Samples 
1.373824e-04    1.887392e-04    1.696143e-04   4.000000e+00         1.000000e+01         5.748787e+00        1.133635e+01         4.000000e+04         2.013730e+04        7.805703e+01                                           2.651331e+03    5.149107e+01                       1339.64             0.242865                  0.409623                 0.285161                 4.227800e+04 
1.887392e-04    2.592944e-04    2.319100e-04   4.000000e+00         1.000000e+01         5.408390e+00        1.133635e+01         4.000000e+04         1.622989e+04        5.508329e+01                                           9.296362e+03    9.641764e+01                       1194.42             0.110314                  0.12491                  0.130256                 5.818000e+04 
2.592944e-04    3.562248e-04    3.082074e-04   4.000000e+00         1.000000e+01         5.872163e+00        1.133635e+01         4.000000e+04         1.349050e+04        4.050087e+01                                           2.371166e+04    1.539859e+02                       2304.43             0.0502649                 0.154874                 0.121064                 6.939700e+04 
3.562248e-04    4.893901e-04    4.259653e-04   4.000000e+00         1.000000e+01         6.111908e+00        1.133635e+01         4.000000e+04         1.168909e+04        3.019862e+01                                           5.001682e+04    2.236444e+02                       4484.79             0.0714129                 0.118532                 0.12055                  7.762200e+04 
3.562248e-04    4.893901e-04    4.237815e-04   1.000000e+01         1.000000e+02         1.307202e+01        1.133635e+01         4.000000e+04         1.973402e+04        4.173812e+01                                           1.017935e+04    1.008928e+02                       2271.1              0.0706193                 0.0993932                0.136263                 8.242000e+03 
4.893901e-04    6.723358e-04    5.839066e-04   4.000000e+00         1.000000e+01         6.234651e+00        1.133635e+01         4.000000e+04         9.391986e+03        2.175165e+01                                           9.230546e+04    3.038181e+02                       6639.99             0.0567935                 0.13436                  0.0995118                8.387900e+04 
4.893901e-04    6.723358e-04    5.986011e-04   1.000000e+01         1.000000e+02         1.450308e+01        1.133635e+01         4.000000e+04         1.648987e+04        2.923621e+01                                           3.676040e+04    1.917300e+02                       5466.31             0.0360117                 0.129048                 0.0848106                1.435100e+04 
6.723358e-04    9.236709e-04    7.978666e-04   4.000000e+00         1.000000e+01         6.336615e+00        1.133635e+01         4.000000e+04         7.637409e+03        1.550912e+01                                           1.564898e+05    3.955879e+02                       14100.2             0.0396044                 0.149417                 0.0884819                8.816300e+04 
6.723358e-04    9.236709e-04    8.129446e-04   1.000000e+01         1.000000e+02         1.552470e+01        1.133635e+01         4.000000e+04         1.405792e+04        2.108793e+01                                           9.423859e+04    3.069830e+02                       9595.13             0.0407402                 0.0907089                0.053724                 2.330200e+04 
9.236709e-04    1.268961e-03    1.105489e-03   4.000000e+00         1.000000e+01         6.543528e+00        1.133635e+01         4.000000e+04         6.345154e+03        1.086751e+01                                           2.395234e+05    4.894113e+02                       20591.7             0.0486519                 0.131681                 0.0989386                9.136600e+04 
9.236709e-04    1.268961e-03    1.110542e-03   1.000000e+01         1.000000e+02         1.746583e+01        1.133635e+01         4.000000e+04         1.235438e+04        1.496678e+01                                           2.099697e+05    4.582245e+02                       28053.3             0.0135991                 0.135732                 0.0689998                3.533700e+04 
1.268961e-03    1.743329e-03    1.509695e-03   4.000000e+00         1.000000e+01         6.590931e+00        1.133635e+01         4.000000e+04         5.339705e+03        7.551809e+00                                           3.436105e+05    5.861830e+02                       30604.5             0.0502225                 0.122272                 0.0835861                9.372100e+04 
1.268961e-03    1.743329e-03    1.517824e-03   1.000000e+01         1.000000e+02         2.039343e+01        1.133635e+01         4.000000e+04         1.084774e+04        1.042117e+01                                           4.229041e+05    6.503108e+02                       49307.8             0.00905284                0.143592                 0.0715732                5.095500e+04 
1.743329e-03    2.395027e-03    2.063196e-03   4.000000e+00         1.000000e+01         6.696998e+00        1.133635e+01         4.000000e+04         4.308127e+03        5.347633e+00                                           4.608605e+05    6.788671e+02                       48101.8             0.0288529                 0.137542                 0.083434                 9.554900e+04 
1.743329e-03    2.395027e-03    2.083633e-03   1.000000e+01         1.000000e+02         2.344866e+01        1.133635e+01         4.000000e+04         9.537532e+03        7.438609e+00                                           7.788119e+05    8.825032e+02                       63150.6             0.00795533                0.112757                 0.0598619                6.421200e+04 
1.743329e-03    2.395027e-03    2.230175e-03   1.000000e+02         1.000000e+03         1.118228e+02        1.133635e+01         4.000000e+04         2.896060e+04        8.399331e+00                                           1.697883e+03    4.120538e+01                       910.248             0.117006                  0.11802                  0.264223                 1.144000e+03 
2.395027e-03    3.290345e-03    2.825303e-03   4.000000e+00         1.000000e+01         6.784216e+00        1.133635e+01         4.000000e+04         3.825391e+03        3.846393e+00                                           5.753935e+05    7.585470e+02                       83380.8             0.028762                  0.164265                 0.0943057                9.668500e+04 
2.395027e-03    3.290345e-03    2.855051e-03   1.000000e+01         1.000000e+02         2.707414e+01        1.133635e+01         4.000000e+04         8.404558e+03        5.389211e+00                                           1.330597e+06    1.153515e+03                       1.04743e+05         0.00440151                0.114794                 0.0621717                7.408100e+04 
3.290345e-03    4.520354e-03    3.900256e-03   4.000000e+00         1.000000e+01         6.856871e+00        1.133635e+01         4.000000e+04         3.178947e+03        2.627416e+00                                           6.999424e+05    8.366256e+02                       70479.0             0.0262143                 0.119897                 0.0716771                9.755800e+04 
3.290345e-03    4.520354e-03    3.913902e-03   1.000000e+01         1.000000e+02         3.017311e+01        1.133635e+01         4.000000e+04         7.327068e+03        3.797402e+00                                           2.107369e+06    1.451678e+03                       1.0204e+05          0.00603695                0.0781911                0.0504492                8.125700e+04 
3.290345e-03    4.520354e-03    4.010078e-03   1.000000e+02         1.000000e+03         1.244601e+02        1.133635e+01         4.000000e+04         1.990453e+04        4.093044e+00                                           6.943460e+04    2.635045e+02                       8441.49             0.0543699                 0.0653423                0.105667                 7.030000e+03 
4.520354e-03    6.210169e-03    5.345589e-03   4.000000e+00         1.000000e+01         6.911964e+00        1.133635e+01         4.000000e+04         2.880202e+03        1.792524e+00                                           7.928342e+05    8.904124e+02                       71741.9             0.0320533                 0.0986512                0.0547962                9.820300e+04 
4.520354e-03    6.210169e-03    5.380192e-03   1.000000e+01         1.000000e+02         3.316890e+01        1.133635e+01         4.000000e+04         6.360795e+03        2.606052e+00                                           3.024421e+06    1.739086e+03                       1.48944e+05         0.00261826                0.0789918                0.0477234                8.627300e+04 
4.520354e-03    6.210169e-03    5.487878e-03   1.000000e+02         1.000000e+03         1.330805e+02        1.133635e+01         4.000000e+04         1.665214e+04        2.745910e+00                                           2.454379e+05    4.954169e+02                       32801.3             0.0128927                 0.0619829                0.0686578                1.277200e+04 
6.210169e-03    8.531679e-03    7.333596e-03   4.000000e+00         1.000000e+01         6.930120e+00        1.133635e+01         4.000000e+04         2.388316e+03        1.169844e+00                                           8.693024e+05    9.323639e+02                       93949.8             0.0191568                 0.110689                 0.0580569                9.869900e+04 
6.210169e-03    8.531679e-03    7.371653e-03   1.000000e+01         1.000000e+02         3.609918e+01        1.133635e+01         4.000000e+04         5.499439e+03        1.745412e+00                                           4.183648e+06    2.045397e+03                       1.70287e+05         0.0020083                 0.070509                 0.0417483                8.982600e+04 
6.210169e-03    8.531679e-03    7.468007e-03   1.000000e+02         1.000000e+03         1.485042e+02        1.133635e+01         4.000000e+04         1.442850e+04        1.807681e+00                                           6.132376e+05    7.830949e+02                       24249.3             0.00855429                0.018796                 0.01444                  2.068600e+04 
8.531679e-03    1.172102e-02    1.005189e-02   4.000000e+00         1.000000e+01         6.957444e+00        1.133635e+01         4.000000e+04         2.246188e+03        7.549691e-01                                           9.057872e+05    9.517285e+02                       78255.1             0.0216655                 0.0872785                0.0448562                9.907100e+04 
8.531679e-03    1.172102e-02    1.009827e-02   1.000000e+01         1.000000e+02         3.914496e+01        1.133635e+01         4.000000e+04         4.740192e+03        1.137167e+00                                           5.365711e+06    2.316400e+03                       1.11156e+05         0.00333361                0.0482226                0.0305263                9.277400e+04 
8.531679e-03    1.172102e-02    1.022776e-02   1.000000e+02         1.000000e+03         1.659334e+02        1.133635e+01         4.000000e+04         1.244881e+04        1.151012e+00                                           1.265806e+06    1.125081e+03                       38577.2             0.00345798                0.0214999                0.0136013                3.199300e+04 
1.172102e-02    1.610262e-02    1.376714e-02   4.000000e+00         1.000000e+01         7.029105e+00        1.133635e+01         4.000000e+04         1.971859e+03        5.074423e-01                                           9.073220e+05    9.525345e+02                       63392.5             0.0197998                 0.0549707                0.0207084                9.935500e+04 
1.172102e-02    1.610262e-02    1.382085e-02   1.000000e+01         1.000000e+02         4.187815e+01        1.133635e+01         4.000000e+04         4.110860e+03        7.783278e-01                                           6.562689e+06    2.561775e+03                       1.22698e+05         0.00295328                0.0424106                0.0246392                9.477000e+04 
1.172102e-02    1.610262e-02    1.401005e-02   1.000000e+02         1.000000e+03         1.857299e+02        1.133635e+01         4.000000e+04         1.079117e+04        7.484396e-01                                           2.353938e+06    1.534255e+03                       41117.4             0.0024824                 0.023305                 0.00954856               4.673800e+04 
1.610262e-02    2.212216e-02    1.889672e-02   4.000000e+00         1.000000e+01         7.008035e+00        1.133635e+01         4.000000e+04         1.845994e+03        3.285914e-01                                           8.702308e+05    9.328616e+02                       57429.7             0.0175088                 0.0459916                0.0171191                9.952300e+04 
1.610262e-02    2.212216e-02    1.897290e-02   1.000000e+01         1.000000e+02         4.420822e+01        1.133635e+01         4.000000e+04         3.566498e+03        5.130970e-01                                           7.573574e+06    2.752013e+03                       84754.6             0.00167114                0.025181                 0.016791                 9.624300e+04 
1.610262e-02    2.212216e-02    1.916529e-02   1.000000e+02         1.000000e+03         2.086399e+02        1.133635e+01         4.000000e+04         9.330091e+03        4.799148e-01                                           4.001758e+06    2.000439e+03                       62730.2             0.00250508                0.00674871               0.0171051                6.130900e+04 
2.212216e-02    3.039195e-02    2.594638e-02   4.000000e+00         1.000000e+01         7.026020e+00        1.133635e+01         4.000000e+04         1.651116e+03        2.034150e-01                                           8.190392e+05    9.050078e+02                       20465.5             0.0240259                 0.0242759                0.0233174                9.967100e+04 
2.212216e-02    3.039195e-02    2.606707e-02   1.000000e+01         1.000000e+02         4.592261e+01        1.133635e+01         4.000000e+04         3.106647e+03        3.224947e-01                                           8.167334e+06    2.857855e+03                       1.47308e+05         0.00351197                0.0112427                0.0198312                9.710500e+04 
2.212216e-02    3.039195e-02    2.632396e-02   1.000000e+02         1.000000e+03         2.380353e+02        1.133635e+01         4.000000e+04         8.151194e+03        2.923234e-01                                           6.017965e+06    2.453154e+03                       2.60238e+05         0.00154095                0.0202286                0.0297399                7.176100e+04 
2.212216e-02    3.039195e-02    2.753910e-02   1.000000e+03         1.000000e+04         1.118963e+03        1.133635e+01         4.000000e+04         2.501568e+04        2.107537e-01                                           2.655779e+04    1.629656e+02                       12544.9             0.0318314                 0.073331                 0.468668                 2.648000e+03 
3.039195e-02    4.175319e-02    3.566190e-02   4.000000e+00         1.000000e+01         7.102404e+00        1.133635e+01         4.000000e+04         1.571456e+03        1.211774e-01                                           7.244337e+05    8.511367e+02                       16140.7             0.0190835                 0.0365513                0.0362544                9.974000e+04 
3.039195e-02    4.175319e-02    3.581036e-02   1.000000e+01         1.000000e+02         4.761249e+01        1.133635e+01         4.000000e+04         2.706683e+03        1.925022e-01                                           8.066662e+06    2.840187e+03                       1.48762e+05         0.00105566                0.0158519                0.0142209                9.796200e+04 
3.039195e-02    4.175319e-02    3.611759e-02   1.000000e+02         1.000000e+03         2.657133e+02        1.133635e+01         4.000000e+04         7.039550e+03        1.715524e-01                                           8.170834e+06    2.858467e+03                       3.26252e+05         0.00171954                0.0150477                0.0262021                7.986300e+04 
3.039195e-02    4.175319e-02    3.712940e-02   1.000000e+03         1.000000e+04         1.197811e+03        1.133635e+01         4.000000e+04         2.071251e+04        1.239967e-01                                           1.367392e+05    3.697827e+02                       34814.0             0.00779953                0.0329228                0.239238                 6.034000e+03 
4.175319e-02    5.736153e-02    4.883426e-02   4.000000e+00         1.000000e+01         7.146276e+00        1.133635e+01         4.000000e+04         1.458507e+03        6.942092e-02                                           6.365789e+05    7.978589e+02                       17944.4             0.0156383                 0.0470791                0.0606599                9.983200e+04 
4.175319e-02    5.736153e-02    4.908117e-02   1.000000e+01         1.000000e+02         4.916715e+01        1.133635e+01         4.000000e+04         2.405621e+03        1.098126e-01                                           7.863959e+06    2.804275e+03                       1.9196e+05          0.00115787                0.0235932                0.0234565                9.855700e+04 
4.175319e-02    5.736153e-02    4.945557e-02   1.000000e+02         1.000000e+03         2.931346e+02        1.133635e+01         4.000000e+04         6.111224e+03        9.671778e-02                                           1.033372e+07    3.214610e+03                       5.49273e+05         0.000631569               0.0262052                0.0325495                8.527600e+04 
4.175319e-02    5.736153e-02    5.059210e-02   1.000000e+03         1.000000e+04         1.290186e+03        1.133635e+01         4.000000e+04         1.726161e+04        6.867061e-02                                           4.325783e+05    6.577068e+02                       35214.2             0.00434511                0.0377536                0.118269                 1.116200e+04 
5.736153e-02    7.880463e-02    6.716635e-02   4.000000e+00         1.000000e+01         7.082783e+00        1.133635e+01         4.000000e+04         1.398157e+03        3.933746e-02                                           5.334209e+05    7.303567e+02                       22645.5             0.0216103                 0.0855873                0.0733743                9.986400e+04 
5.736153e-02    7.880463e-02    6.711325e-02   1.000000e+01         1.000000e+02         5.030047e+01        1.133635e+01         4.000000e+04         2.130568e+03        6.113090e-02                                           7.122322e+06    2.668768e+03                       1.71543e+05         0.00121907                0.0305555                0.0310782                9.894800e+04 
5.736153e-02    7.880463e-02    6.759575e-02   1.000000e+02         1.000000e+03         3.193811e+02        1.133635e+01         4.000000e+04         5.287379e+03        5.268824e-02                                           1.205364e+07    3.471835e+03                       6.42644e+05         0.00188326                0.0262003                0.0288925                8.920200e+04 
5.736153e-02    7.880463e-02    6.855478e-02   1.000000e+03         1.000000e+04         1.395524e+03        1.133635e+01         4.000000e+04         1.461125e+04        3.623855e-02                                           9.575146e+05    9.785267e+02                       16019.4             0.00268574                0.052974                 0.0344523                1.828000e+04 
7.880463e-02    1.082637e-01    9.171925e-02   4.000000e+00         1.000000e+01         7.131375e+00        1.133635e+01         4.000000e+04         1.331094e+03        2.420357e-02                                           4.439490e+05    6.662950e+02                       35374.2             0.0159579                 0.121639                 0.0845347                9.992300e+04 
7.880463e-02    1.082637e-01    9.188163e-02   1.000000e+01         1.000000e+02         5.156660e+01        1.133635e+01         4.000000e+04         1.918885e+03        3.597664e-02                                           6.254347e+06    2.500869e+03                       2.13399e+05         0.00144005                0.0517133                0.0397091                9.920600e+04 
7.880463e-02    1.082637e-01    9.244965e-02   1.000000e+02         1.000000e+03         3.465180e+02        1.133635e+01         4.000000e+04         4.573924e+03        3.087580e-02                                           1.322375e+07    3.636448e+03                       9.32635e+05         0.000538503               0.046526                 0.036553                 9.219900e+04 
7.880463e-02    1.082637e-01    9.357041e-02   1.000000e+03         1.000000e+04         1.544988e+03        1.133635e+01         4.000000e+04         1.262701e+04        2.037023e-02                                           1.815964e+06    1.347577e+03                       46777.2             0.00251515                0.037412                 0.0185174                2.898600e+04 
1.082637e-01    1.487352e-01    1.260000e-01   4.000000e+00         1.000000e+01         7.164896e+00        1.133635e+01         4.000000e+04         1.339669e+03        1.377683e-02                                           3.604548e+05    6.003789e+02                       40624.8             0.0174492                 0.1634                   0.0852733                9.994900e+04 
1.082637e-01    1.487352e-01    1.261599e-01   1.000000e+01         1.000000e+02         5.235944e+01        1.133635e+01         4.000000e+04         1.769310e+03        1.978153e-02                                           5.329674e+06    2.308609e+03                       3.14861e+05         0.00204373                0.0881965                0.0518122                9.946300e+04 
1.082637e-01    1.487352e-01    1.268241e-01   1.000000e+02         1.000000e+03         3.701364e+02        1.133635e+01         4.000000e+04         3.941280e+03        1.675008e-02                                           1.340253e+07    3.660947e+03                       1.23584e+06         0.00100333                0.0722589                0.0426233                9.422400e+04 
1.082637e-01    1.487352e-01    1.280212e-01   1.000000e+03         1.000000e+04         1.686365e+03        1.133635e+01         4.000000e+04         1.063841e+04        1.064416e-02                                           2.684985e+06    1.638592e+03                       1.87677e+05         0.00138399                0.0594806                0.0236125                4.280700e+04 
1.487352e-01    2.043360e-01    1.730860e-01   4.000000e+00         1.000000e+01         7.192729e+00        1.133635e+01         4.000000e+04         1.142733e+03        7.109850e-03                                           2.647068e+05    5.144967e+02                       46744.7             0.0241656                 0.237656                 0.0825792                9.996300e+04 
1.487352e-01    2.043360e-01    1.735261e-01   1.000000e+01         1.000000e+02         5.315556e+01        1.133635e+01         4.000000e+04         1.635589e+03        1.008443e-02                                           4.157070e+06    2.038889e+03                       3.15925e+05         0.00149957                0.113136                 0.051842                 9.963600e+04 
1.487352e-01    2.043360e-01    1.742337e-01   1.000000e+02         1.000000e+03         3.910432e+02        1.133635e+01         4.000000e+04         3.415356e+03        8.314205e-03                                           1.221304e+07    3.494717e+03                       1.26883e+06         0.00129146                0.0912911                0.0390376                9.587300e+04 
1.487352e-01    2.043360e-01    1.757652e-01   1.000000e+03         1.000000e+04         1.857793e+03        1.133635e+01         4.000000e+04         9.044074e+03        4.945344e-03                                           3.513808e+06    1.874515e+03                       3.33326e+05         0.00117483                0.0715901                0.0278181                5.769000e+04 
2.043360e-01    2.807216e-01    2.377919e-01   4.000000e+00         1.000000e+01         7.331839e+00        1.133635e+01         4.000000e+04         1.178361e+03        3.131962e-03                                           1.661303e+05    4.075909e+02                       27374.6             0.0108532                 0.246216                 0.110026                 9.999200e+04 
2.043360e-01    2.807216e-01    2.378785e-01   1.000000e+01         1.000000e+02         5.350298e+01        1.133635e+01         4.000000e+04         1.524308e+03        4.610513e-03                                           2.943062e+06    1.715536e+03                       2.36855e+05         0.00259458                0.132583                 0.0493715                9.969900e+04 
2.043360e-01    2.807216e-01    2.388153e-01   1.000000e+02         1.000000e+03         4.088794e+02        1.133635e+01         4.000000e+04         3.012527e+03        3.633053e-03                                           9.761492e+06    3.124339e+03                       9.32211e+05         0.00121867                0.0911565                0.0130062                9.700500e+04 
2.043360e-01    2.807216e-01    2.403267e-01   1.000000e+03         1.000000e+04         1.986467e+03        1.133635e+01         4.000000e+04         7.684032e+03        2.011946e-03                                           3.784538e+06    1.945389e+03                       3.69944e+05         0.0015274                 0.0682598                0.0393504                6.939900e+04 
2.043360e-01    2.807216e-01    2.534109e-01   1.000000e+04         1.000000e+05         1.118901e+04        1.133635e+01         4.000000e+04         2.626997e+04        4.983238e-04                                           3.968775e+03    6.299822e+01                       1573.05             0.031876                  0.17973                  0.485767                 2.069000e+03 
2.807216e-01    3.856620e-01    3.234950e-01   4.000000e+00         1.000000e+01         7.450776e+00        1.133635e+01         4.000000e+04         1.219595e+03        1.219811e-03                                           9.539109e+04    3.088545e+02                       19495.3             0.0156381                 0.321767                 0.125111                 9.999700e+04 
2.807216e-01    3.856620e-01    3.235627e-01   1.000000e+01         1.000000e+02         5.450394e+01        1.133635e+01         4.000000e+04         1.447513e+03        1.754440e-03                                           1.718182e+06    1.310795e+03                       1.04771e+05         0.00453947                0.120823                 0.110362                 9.981500e+04 
2.807216e-01    3.856620e-01    3.241777e-01   1.000000e+02         1.000000e+03         4.149993e+02        1.133635e+01         4.000000e+04         2.743055e+03        1.319857e-03                                           6.344153e+06    2.518760e+03                       4.14084e+05         0.00122295                0.0725068                0.0380979                9.776400e+04 
2.807216e-01    3.856620e-01    3.260704e-01   1.000000e+03         1.000000e+04         2.165016e+03        1.133635e+01         4.000000e+04         6.586293e+03        6.649438e-04                                           3.219881e+06    1.794403e+03                       2.22732e+05         0.00237696                0.0431697                0.0499425                7.796500e+04 
2.807216e-01    3.856620e-01    3.511219e-01   1.000000e+04         1.000000e+05         1.125666e+04        1.133635e+01         4.000000e+04         2.016015e+04        1.619661e-04                                           1.332125e+04    1.154177e+02                       6192.1              0.0266323                 0.102478                 0.384349                 5.011000e+03 
3.856620e-01    5.298317e-01    4.403226e-01   4.000000e+00         1.000000e+01         6.869377e+00        1.133635e+01         4.000000e+04         1.149535e+03        5.600516e-04                                           5.002336e+04    2.236590e+02                       1880.09             0.0194721                 0.287575                 0.369461                 1.000000e+05 
3.856620e-01    5.298317e-01    4.339559e-01   1.000000e+01         1.000000e+02         5.325706e+01        1.133635e+01         4.000000e+04         1.537555e+03        7.313273e-04                                           8.815585e+05    9.389135e+02                       1.11384e+05         0.00329157                0.124902                 0.165302                 9.987200e+04 
3.856620e-01    5.298317e-01    4.323235e-01   1.000000e+02         1.000000e+03         4.235182e+02        1.133635e+01         4.000000e+04         2.614992e+03        5.347536e-04                                           3.513925e+06    1.874547e+03                       3.64917e+05         0.0013813                 0.0843158                0.0881171                9.834900e+04 
3.856620e-01    5.298317e-01    4.320610e-01   1.000000e+03         1.000000e+04         2.282146e+03        1.133635e+01         4.000000e+04         6.069740e+03        2.542770e-04                                           2.206346e+06    1.485377e+03                       1.50057e+05         0.00147869                0.0867504                0.0888079                8.408700e+04 
3.856620e-01    5.298317e-01    4.383610e-01   1.000000e+04         1.000000e+05         1.252073e+04        1.133635e+01         4.000000e+04         1.775592e+04        5.376135e-05                                           2.518145e+04    1.586866e+02                       9121.7              0.0138916                 0.175825                 0.138572                 9.648000e+03 
5.298317e-01    7.278954e-01    6.004063e-01   4.000000e+00         1.000000e+01         7.625678e+00        1.133635e+01         4.000000e+04         1.075127e+03        1.239425e-04                                           1.322553e+04    1.150023e+02                       6000.18             0.0449754                 0.132241                 0.866966                 7.457700e+04 
5.298317e-01    7.278954e-01    6.091561e-01   1.000000e+01         1.000000e+02         4.938688e+01        1.133635e+01         4.000000e+04         1.399234e+03        1.851758e-04                                           2.948957e+05    5.430430e+02                       1.96018e+05         0.0140587                 0.236541                 0.570247                 9.990000e+04 
5.298317e-01    7.278954e-01    6.121922e-01   1.000000e+02         1.000000e+03         4.262006e+02        1.133635e+01         4.000000e+04         2.300586e+03        1.158787e-04                                           1.206274e+06    1.098305e+03                       7.88129e+05         0.00274711                0.423118                 0.3621                   9.889100e+04 
5.298317e-01    7.278954e-01    6.141353e-01   1.000000e+03         1.000000e+04         2.433243e+03        1.133635e+01         4.000000e+04         5.351626e+03        4.950723e-05                                           8.575073e+05    9.260169e+02                       5.17049e+05         0.00203839                0.627384                 0.140647                 8.831300e+04 
