Experiment = FASERv2FCC_deep | seed 2 | Neutrino = 14 | Exp. Target density (nucleons / cm3) = 10^(25.1) | Exp. Target Length = 6600.0 cm | Total Events = 145592636.7 |        del_theta = 0.06 mrad, theta_max = 3141.6 mrad |        del_Elepton = 30.0 % , Elepton_min = 0.00 GeV, Elepton_max = 200000.00 GeV|        del_Ehadron = 30.0 %, Ehadron_min = 0.00 GeV GeV, Ehadron_max = 200000.00 GeV
x_lower         x_upper         x_avg          Q2_lower[GeV^2]      Q2_upper[GeV^2]      Q2_avg[GeV^2]       E_nu_lower[GeV]      E_nu_upper[GeV]      E_nu_avg[GeV]       d^sigma/dxdQ2(x_avg,Q2_avg,Enu_avg) pb / GeV^2         N_events        N_events_errs = Sqrt[N_events]     N_sys_errs          fraction_error_theta      fraction_error_Elepton   fraction_error_Ehadron   MC_Samples 
1.000000e-04    1.373824e-04    1.293257e-04   4.000000e+00         1.000000e+01         6.805179e+00        1.133635e+01         4.000000e+04         3.153415e+04        5.810983e+01                                           3.703903e+02    1.924553e+01                       234.581             0.633333                  0.466667                 0.466667                 2.272200e+04 
1.373824e-04    1.887392e-04    1.661777e-04   4.000000e+00         1.000000e+01         5.610705e+00        1.133635e+01         4.000000e+04         2.094261e+04        3.954289e+01                                           1.771995e+03    4.209507e+01                       1107.5              0.3375                    0.5                      0.2375                   4.241700e+04 
1.887392e-04    2.592944e-04    2.298988e-04   4.000000e+00         1.000000e+01         5.392243e+00        1.133635e+01         4.000000e+04         1.688781e+04        2.780199e+01                                           6.047950e+03    7.776857e+01                       604.795             0.140909                  0.172727                 0.181818                 5.833700e+04 
2.592944e-04    3.562248e-04    3.077807e-04   4.000000e+00         1.000000e+01         5.932399e+00        1.133635e+01         4.000000e+04         1.411695e+04        2.045351e+01                                           1.512821e+04    1.229968e+02                       1928.85             0.07                      0.216667                 0.155                    6.953400e+04 
3.562248e-04    4.893901e-04    4.258496e-04   4.000000e+00         1.000000e+01         6.146684e+00        1.133635e+01         4.000000e+04         1.190675e+04        1.515188e+01                                           3.163822e+04    1.778714e+02                       4263.74             0.0769531                 0.152344                 0.15625                  7.774500e+04 
3.562248e-04    4.893901e-04    4.236335e-04   1.000000e+01         1.000000e+02         1.309361e+01        1.133635e+01         4.000000e+04         2.017355e+04        2.097730e+01                                           6.921871e+03    8.319778e+01                       1979.41             0.0912281                 0.133333                 0.191228                 8.312000e+03 
4.893901e-04    6.723358e-04    5.833660e-04   4.000000e+00         1.000000e+01         6.291074e+00        1.133635e+01         4.000000e+04         9.713256e+03        1.094962e+01                                           5.668738e+04    2.380911e+02                       5481.73             0.0859794                 0.193196                 0.125361                 8.373300e+04 
4.893901e-04    6.723358e-04    5.976438e-04   1.000000e+01         1.000000e+02         1.503206e+01        1.133635e+01         4.000000e+04         1.753392e+04        1.477380e+01                                           2.384226e+04    1.544094e+02                       4235.81             0.0462766                 0.155319                 0.0404255                1.425800e+04 
6.723358e-04    9.236709e-04    7.967536e-04   4.000000e+00         1.000000e+01         6.440724e+00        1.133635e+01         4.000000e+04         8.027709e+03        7.836712e+00                                           9.443331e+04    3.073000e+02                       12127.5             0.0502584                 0.218217                 0.0883721                8.841400e+04 
6.723358e-04    9.236709e-04    8.123636e-04   1.000000e+01         1.000000e+02         1.604261e+01        1.133635e+01         4.000000e+04         1.485176e+04        1.063978e+01                                           6.063397e+04    2.462397e+02                       8068.13             0.0551724                 0.120284                 0.0395538                2.324800e+04 
9.236709e-04    1.268961e-03    1.105234e-03   4.000000e+00         1.000000e+01         6.615133e+00        1.133635e+01         4.000000e+04         6.748457e+03        5.495589e+00                                           1.421467e+05    3.770235e+02                       17977.7             0.0648133                 0.188216                 0.118257                 9.147200e+04 
9.236709e-04    1.268961e-03    1.110086e-03   1.000000e+01         1.000000e+02         1.806591e+01        1.133635e+01         4.000000e+04         1.297817e+04        7.544306e+00                                           1.334810e+05    3.653505e+02                       23687.6             0.0192913                 0.184449                 0.0146654                3.536700e+04 
1.268961e-03    1.743329e-03    1.509847e-03   4.000000e+00         1.000000e+01         6.633756e+00        1.133635e+01         4.000000e+04         5.700419e+03        3.818908e+00                                           2.005957e+05    4.478792e+02                       26388.6             0.0702703                 0.175088                 0.0853702                9.379500e+04 
1.268961e-03    1.743329e-03    1.516701e-03   1.000000e+01         1.000000e+02         2.120648e+01        1.133635e+01         4.000000e+04         1.148471e+04        5.263855e+00                                           2.675436e+05    5.172461e+02                       40000.4             0.0128431                 0.197059                 0.0106863                5.083700e+04 
1.743329e-03    2.395027e-03    2.059372e-03   4.000000e+00         1.000000e+01         6.757850e+00        1.133635e+01         4.000000e+04         4.662417e+03        2.714849e+00                                           2.678427e+05    5.175352e+02                       40739.0             0.042968                  0.196758                 0.0575799                9.548800e+04 
1.743329e-03    2.395027e-03    2.081638e-03   1.000000e+01         1.000000e+02         2.457650e+01        1.133635e+01         4.000000e+04         1.019101e+04        3.767648e+00                                           4.761313e+05    6.900227e+02                       52265.6             0.0107069                 0.15842                  0.0258316                6.430100e+04 
1.743329e-03    2.395027e-03    2.111074e-03   1.000000e+02         1.000000e+03         1.128430e+02        1.133635e+01         4.000000e+04         3.147126e+04        4.376520e+00                                           1.435665e+03    3.789016e+01                       690.914             0.13125                   0.125                    0.30625                  1.076000e+03 
2.395027e-03    3.290345e-03    2.826056e-03   4.000000e+00         1.000000e+01         6.811782e+00        1.133635e+01         4.000000e+04         4.141660e+03        1.947893e+00                                           3.327461e+05    5.768415e+02                       70849.7             0.0378193                 0.235761                 0.0386199                9.662300e+04 
2.395027e-03    3.290345e-03    2.853696e-03   1.000000e+01         1.000000e+02         2.856485e+01        1.133635e+01         4.000000e+04         9.052157e+03        2.735285e+00                                           8.028558e+05    8.960222e+02                       89055.5             0.00581035                0.163093                 0.0319492                7.401000e+04 
3.290345e-03    4.520354e-03    3.900844e-03   4.000000e+00         1.000000e+01         6.891701e+00        1.133635e+01         4.000000e+04         3.443728e+03        1.332827e+00                                           3.981764e+05    6.310122e+02                       60643.4             0.0355178                 0.177187                 0.0533849                9.770500e+04 
3.290345e-03    4.520354e-03    3.914162e-03   1.000000e+01         1.000000e+02         3.176215e+01        1.133635e+01         4.000000e+04         7.888203e+03        1.930103e+00                                           1.282912e+06    1.132657e+03                       84452.9             0.00774231                0.107606                 0.0441545                8.119000e+04 
3.290345e-03    4.520354e-03    4.017038e-03   1.000000e+02         1.000000e+03         1.294490e+02        1.133635e+01         4.000000e+04         2.139968e+04        2.074802e+00                                           4.698005e+04    2.167488e+02                       6683.54             0.0773672                 0.0896074                0.151963                 7.125000e+03 
4.520354e-03    6.210169e-03    5.349073e-03   4.000000e+00         1.000000e+01         6.932789e+00        1.133635e+01         4.000000e+04         3.177872e+03        9.114224e-01                                           4.545896e+05    6.742326e+02                       62144.9             0.0455504                 0.148364                 0.0392751                9.827100e+04 
4.520354e-03    6.210169e-03    5.377038e-03   1.000000e+01         1.000000e+02         3.481411e+01        1.133635e+01         4.000000e+04         6.853148e+03        1.327177e+00                                           1.806122e+06    1.343920e+03                       1.29742e+05         0.00256601                0.111047                 0.034945                 8.611400e+04 
4.520354e-03    6.210169e-03    5.489457e-03   1.000000e+02         1.000000e+03         1.376279e+02        1.133635e+01         4.000000e+04         1.757822e+04        1.390088e+00                                           1.612549e+05    4.015656e+02                       28005.4             0.0147179                 0.0805397                0.0922322                1.250900e+04 
6.210169e-03    8.531679e-03    7.327684e-03   4.000000e+00         1.000000e+01         6.961663e+00        1.133635e+01         4.000000e+04         2.653257e+03        5.973279e-01                                           4.936354e+05    7.025919e+02                       81857.0             0.0281701                 0.166211                 0.00909794               9.873700e+04 
6.210169e-03    8.531679e-03    7.369620e-03   1.000000e+01         1.000000e+02         3.772424e+01        1.133635e+01         4.000000e+04         5.952124e+03        8.910421e-01                                           2.476581e+06    1.573716e+03                       1.46511e+05         0.00314699                0.100833                 0.0308851                9.011300e+04 
6.210169e-03    8.531679e-03    7.462279e-03   1.000000e+02         1.000000e+03         1.522355e+02        1.133635e+01         4.000000e+04         1.501318e+04        9.157182e-01                                           3.928856e+05    6.268058e+02                       19430.8             0.0108056                 0.0277494                0.0204284                2.061000e+04 
8.531679e-03    1.172102e-02    1.005851e-02   4.000000e+00         1.000000e+01         6.991536e+00        1.133635e+01         4.000000e+04         2.528192e+03        3.866333e-01                                           5.075053e+05    7.123941e+02                       66542.4             0.0332515                 0.133988                 0.00984049               9.910400e+04 
8.531679e-03    1.172102e-02    1.009169e-02   1.000000e+01         1.000000e+02         4.056730e+01        1.133635e+01         4.000000e+04         5.148151e+03        5.823730e-01                                           3.139262e+06    1.771796e+03                       1.05801e+05         0.00475005                0.0722084                0.0338058                9.297600e+04 
8.531679e-03    1.172102e-02    1.022505e-02   1.000000e+02         1.000000e+03         1.716798e+02        1.133635e+01         4.000000e+04         1.303384e+04        5.836782e-01                                           8.078005e+05    8.987772e+02                       33169.4             0.00441453                0.028397                 0.0112085                3.187100e+04 
1.172102e-02    1.610262e-02    1.377973e-02   4.000000e+00         1.000000e+01         7.055365e+00        1.133635e+01         4.000000e+04         2.206216e+03        2.607560e-01                                           5.099199e+05    7.140867e+02                       58933.8             0.0267237                 0.0916381                0.0137164                9.936500e+04 
1.172102e-02    1.610262e-02    1.382168e-02   1.000000e+01         1.000000e+02         4.293769e+01        1.133635e+01         4.000000e+04         4.482536e+03        3.994250e-01                                           3.859363e+06    1.964526e+03                       1.201e+05           0.00475748                0.0644055                0.0265059                9.471900e+04 
1.172102e-02    1.610262e-02    1.400023e-02   1.000000e+02         1.000000e+03         1.919585e+02        1.133635e+01         4.000000e+04         1.131174e+04        3.809909e-01                                           1.491403e+06    1.221230e+03                       34441.5             0.00330395                0.0345887                0.00839682               4.675400e+04 
1.610262e-02    2.212216e-02    1.891130e-02   4.000000e+00         1.000000e+01         7.018851e+00        1.133635e+01         4.000000e+04         2.083495e+03        1.700035e-01                                           4.940979e+05    7.029210e+02                       54125.1             0.025925                  0.0784639                0.0224547                9.951800e+04 
1.610262e-02    2.212216e-02    1.897528e-02   1.000000e+01         1.000000e+02         4.529629e+01        1.133635e+01         4.000000e+04         3.888710e+03        2.642103e-01                                           4.423039e+06    2.103102e+03                       77644.8             0.00229412                0.0408796                0.0252717                9.611400e+04 
1.610262e-02    2.212216e-02    1.915184e-02   1.000000e+02         1.000000e+03         2.181926e+02        1.133635e+01         4.000000e+04         9.916970e+03        2.455413e-01                                           2.462698e+06    1.569298e+03                       43086.4             0.00320484                0.00567397               0.0261628                6.164100e+04 
2.212216e-02    3.039195e-02    2.595237e-02   4.000000e+00         1.000000e+01         7.006026e+00        1.133635e+01         4.000000e+04         1.858773e+03        1.064477e-01                                           4.671202e+05    6.834620e+02                       19148.0             0.0346054                 0.0158879                0.0105919                9.968500e+04 
2.212216e-02    3.039195e-02    2.606382e-02   1.000000e+01         1.000000e+02         4.671398e+01        1.133635e+01         4.000000e+04         3.389857e+03        1.668748e-01                                           4.709089e+06    2.170043e+03                       32307.7             0.00455327                0.0118991                0.0307307                9.724800e+04 
2.212216e-02    3.039195e-02    2.631247e-02   1.000000e+02         1.000000e+03         2.497197e+02        1.133635e+01         4.000000e+04         8.714869e+03        1.507710e-01                                           3.707360e+06    1.925451e+03                       1.97703e+05         0.00199731                0.0200125                0.0406546                7.183900e+04 
2.212216e-02    3.039195e-02    2.711935e-02   1.000000e+03         1.000000e+04         1.210739e+03        1.133635e+01         4.000000e+04         2.859898e+04        1.099524e-01                                           1.988673e+04    1.410203e+02                       9497.42             0.0393939                 0.0951515                0.625455                 2.619000e+03 
3.039195e-02    4.175319e-02    3.572368e-02   4.000000e+00         1.000000e+01         7.087530e+00        1.133635e+01         4.000000e+04         1.786951e+03        6.468103e-02                                           4.180858e+05    6.465956e+02                       9551.51             0.0277211                 0.0163265                0.0142007                9.976500e+04 
3.039195e-02    4.175319e-02    3.582714e-02   1.000000e+01         1.000000e+02         4.835746e+01        1.133635e+01         4.000000e+04         2.967918e+03        1.005893e-01                                           4.744514e+06    2.178191e+03                       23175.6             0.00147232                0.0150018                0.0091253                9.799900e+04 
3.039195e-02    4.175319e-02    3.611568e-02   1.000000e+02         1.000000e+03         2.800780e+02        1.133635e+01         4.000000e+04         7.575192e+03        8.965135e-02                                           5.110317e+06    2.260601e+03                       2.30205e+05         0.00250787                0.00740015               0.0350859                7.941800e+04 
3.039195e-02    4.175319e-02    3.706858e-02   1.000000e+03         1.000000e+04         1.246878e+03        1.133635e+01         4.000000e+04         2.239293e+04        6.505547e-02                                           9.488092e+04    3.080275e+02                       31413.8             0.00976616                0.042641                 0.344154                 6.001000e+03 
4.175319e-02    5.736153e-02    4.894409e-02   4.000000e+00         1.000000e+01         7.129476e+00        1.133635e+01         4.000000e+04         1.633113e+03        3.840465e-02                                           3.831958e+05    6.190281e+02                       9643.17             0.0215984                 0.0174042                0.0658851                9.984100e+04 
4.175319e-02    5.736153e-02    4.912978e-02   1.000000e+01         1.000000e+02         4.978757e+01        1.133635e+01         4.000000e+04         2.641481e+03        5.846749e-02                                           4.667259e+06    2.160384e+03                       22710.4             0.00175068                0.00556512               0.00356658               9.858100e+04 
4.175319e-02    5.736153e-02    4.949165e-02   1.000000e+02         1.000000e+03         3.096000e+02        1.133635e+01         4.000000e+04         6.606722e+03        5.159968e-02                                           6.429265e+06    2.535600e+03                       3.99614e+05         0.00084573                0.0232746                0.0387903                8.529900e+04 
4.175319e-02    5.736153e-02    5.058361e-02   1.000000e+03         1.000000e+04         1.320188e+03        1.133635e+01         4.000000e+04         1.809958e+04        3.682712e-02                                           2.970874e+05    5.450573e+02                       30391.6             0.00585429                0.0511709                0.171032                 1.106600e+04 
5.736153e-02    7.880463e-02    6.738593e-02   4.000000e+00         1.000000e+01         7.007768e+00        1.133635e+01         4.000000e+04         1.569777e+03        2.294743e-02                                           3.311556e+05    5.754612e+02                       8568.11             0.0288574                 0.0777293                0.0316958                9.988700e+04 
5.736153e-02    7.880463e-02    6.728716e-02   1.000000e+01         1.000000e+02         5.055967e+01        1.133635e+01         4.000000e+04         2.340692e+03        3.347638e-02                                           4.285013e+06    2.070027e+03                       27005.1             0.00178094                0.0122978                0.0154995                9.890900e+04 
5.736153e-02    7.880463e-02    6.772328e-02   1.000000e+02         1.000000e+03         3.359291e+02        1.133635e+01         4.000000e+04         5.709633e+03        2.901361e-02                                           7.704182e+06    2.775641e+03                       4.80765e+05         0.00210953                0.0223768                0.0293903                8.907200e+04 
5.736153e-02    7.880463e-02    6.863855e-02   1.000000e+03         1.000000e+04         1.421921e+03        1.133635e+01         4.000000e+04         1.512835e+04        2.014660e-02                                           6.537646e+05    8.085571e+02                       14544.0             0.0035858                 0.0683681                0.0346506                1.825000e+04 
7.880463e-02    1.082637e-01    9.213619e-02   4.000000e+00         1.000000e+01         7.067426e+00        1.133635e+01         4.000000e+04         1.558848e+03        1.491678e-02                                           2.900593e+05    5.385716e+02                       28114.2             0.0226838                 0.137474                 0.0312838                9.993700e+04 
7.880463e-02    1.082637e-01    9.225500e-02   1.000000e+01         1.000000e+02         5.146316e+01        1.133635e+01         4.000000e+04         2.110954e+03        2.045015e-02                                           3.906685e+06    1.976534e+03                       1.32085e+05         0.0019564                 0.0561509                0.0184435                9.928600e+04 
7.880463e-02    1.082637e-01    9.273908e-02   1.000000e+02         1.000000e+03         3.621057e+02        1.133635e+01         4.000000e+04         4.920460e+03        1.764560e-02                                           8.551465e+06    2.924289e+03                       7.51524e+05         0.000672563               0.0561597                0.0342438                9.216800e+04 
7.880463e-02    1.082637e-01    9.387053e-02   1.000000e+03         1.000000e+04         1.579004e+03        1.133635e+01         4.000000e+04         1.300597e+04        1.173501e-02                                           1.289932e+06    1.135752e+03                       41976.4             0.00303625                0.0493649                0.0185067                2.881600e+04 
1.082637e-01    1.487352e-01    1.266343e-01   4.000000e+00         1.000000e+01         7.081901e+00        1.133635e+01         4.000000e+04         1.519695e+03        9.077559e-03                                           2.537824e+05    5.037682e+02                       38011.1             0.0235352                 0.201477                 0.03742                  9.995700e+04 
1.082637e-01    1.487352e-01    1.267173e-01   1.000000e+01         1.000000e+02         5.193658e+01        1.133635e+01         4.000000e+04         1.934874e+03        1.185272e-02                                           3.495489e+06    1.869623e+03                       2.62174e+05         0.00234688                0.109602                 0.0130306                9.949000e+04 
1.082637e-01    1.487352e-01    1.273198e-01   1.000000e+02         1.000000e+03         3.835822e+02        1.133635e+01         4.000000e+04         4.212718e+03        1.007360e-02                                           9.054397e+06    3.009052e+03                       1.09225e+06         0.00140811                0.0938955                0.0368328                9.431800e+04 
1.082637e-01    1.487352e-01    1.285028e-01   1.000000e+03         1.000000e+04         1.730409e+03        1.133635e+01         4.000000e+04         1.097491e+04        6.451800e-03                                           1.942543e+06    1.393751e+03                       1.76459e+05         0.00180634                0.0772144                0.0163731                4.287100e+04 
1.487352e-01    2.043360e-01    1.739243e-01   4.000000e+00         1.000000e+01         7.083052e+00        1.133635e+01         4.000000e+04         1.270271e+03        5.036366e-03                                           1.987451e+05    4.458084e+02                       45297.9             0.0317518                 0.297567                 0.0212287                9.997300e+04 
1.487352e-01    2.043360e-01    1.741953e-01   1.000000e+01         1.000000e+02         5.253097e+01        1.133635e+01         4.000000e+04         1.796495e+03        6.462404e-03                                           2.886151e+06    1.698868e+03                       3.03695e+05         0.00197518                0.147274                 0.0266608                9.962800e+04 
1.487352e-01    2.043360e-01    1.749053e-01   1.000000e+02         1.000000e+03         4.024581e+02        1.133635e+01         4.000000e+04         3.630383e+03        5.336371e-03                                           8.676160e+06    2.945532e+03                       1.19514e+06         0.00170025                0.120774                 0.0330474                9.584600e+04 
1.487352e-01    2.043360e-01    1.762816e-01   1.000000e+03         1.000000e+04         1.920174e+03        1.133635e+01         4.000000e+04         9.415628e+03        3.202245e-03                                           2.633828e+06    1.622907e+03                       3.22225e+05         0.00146374                0.0933704                0.0311995                5.818200e+04 
2.043360e-01    2.807216e-01    2.388602e-01   4.000000e+00         1.000000e+01         7.129247e+00        1.133635e+01         4.000000e+04         1.302695e+03        2.396588e-03                                           1.330994e+05    3.648278e+02                       27340.3             0.0130275                 0.299174                 0.117982                 9.999100e+04 
2.043360e-01    2.807216e-01    2.389706e-01   1.000000e+01         1.000000e+02         5.265636e+01        1.133635e+01         4.000000e+04         1.662352e+03        3.200537e-03                                           2.185159e+06    1.478228e+03                       2.36297e+05         0.00336462                0.174344                 0.0541393                9.972600e+04 
2.043360e-01    2.807216e-01    2.397671e-01   1.000000e+02         1.000000e+03         4.201028e+02        1.133635e+01         4.000000e+04         3.155773e+03        2.525067e-03                                           7.372350e+06    2.715207e+03                       9.29657e+05         0.00147012                0.119826                 0.00932594               9.702200e+04 
2.043360e-01    2.807216e-01    2.415053e-01   1.000000e+03         1.000000e+04         2.080627e+03        1.133635e+01         4.000000e+04         8.045680e+03        1.410146e-03                                           3.007379e+06    1.734180e+03                       3.68848e+05         0.00178579                0.0858097                0.0493637                6.956900e+04 
2.043360e-01    2.807216e-01    2.456091e-01   1.000000e+04         1.000000e+05         1.196994e+04        1.133635e+01         4.000000e+04         3.046678e+04        3.650152e-04                                           3.600631e+03    6.000526e+01                       1469.45             0.0351351                 0.197297                 0.535135                 2.020000e+03 
2.807216e-01    3.856620e-01    3.259970e-01   4.000000e+00         1.000000e+01         7.175063e+00        1.133635e+01         4.000000e+04         1.371952e+03        1.032626e-03                                           8.168121e+04    2.857992e+02                       19189.7             0.0177584                 0.373945                 0.141339                 9.999800e+04 
2.807216e-01    3.856620e-01    3.265009e-01   1.000000e+01         1.000000e+02         5.320061e+01        1.133635e+01         4.000000e+04         1.570021e+03        1.329710e-03                                           1.373925e+06    1.172146e+03                       56914.8             0.00555854                0.151056                 0.13797                  9.979100e+04 
2.807216e-01    3.856620e-01    3.269363e-01   1.000000e+02         1.000000e+03         4.313554e+02        1.133635e+01         4.000000e+04         2.798448e+03        1.002914e-03                                           5.132590e+06    2.265522e+03                       3.32297e+05         0.00142445                0.0843576                0.036078                 9.780900e+04 
2.807216e-01    3.856620e-01    3.294449e-01   1.000000e+03         1.000000e+04         2.285903e+03        1.133635e+01         4.000000e+04         6.895457e+03        5.192333e-04                                           2.701807e+06    1.643718e+03                       2.06331e+05         0.00252534                0.0247192                0.0388163                7.806100e+04 
2.807216e-01    3.856620e-01    3.408003e-01   1.000000e+04         1.000000e+05         1.218286e+04        1.133635e+01         4.000000e+04         2.317977e+04        1.319236e-04                                           1.189185e+04    1.090498e+02                       6006.6              0.0285714                 0.107143                 0.428571                 5.076000e+03 
3.856620e-01    5.298317e-01    4.357394e-01   4.000000e+00         1.000000e+01         7.265347e+00        1.133635e+01         4.000000e+04         1.409813e+03        4.408326e-04                                           4.045248e+04    2.011280e+02                       1632.05             0.0224138                 0.34                     0.444828                 1.000000e+05 
3.856620e-01    5.298317e-01    4.432175e-01   1.000000e+01         1.000000e+02         5.309900e+01        1.133635e+01         4.000000e+04         1.565907e+03        5.790868e-04                                           7.589159e+05    8.711578e+02                       35878.7             0.00364766                0.136397                 0.185537                 9.987900e+04 
3.856620e-01    5.298317e-01    4.432690e-01   1.000000e+02         1.000000e+03         4.424548e+02        1.133635e+01         4.000000e+04         2.479126e+03        4.193258e-04                                           3.054950e+06    1.747841e+03                       30666.1             0.00119313                0.0532851                0.0608813                9.839800e+04 
3.856620e-01    5.298317e-01    4.450954e-01   1.000000e+03         1.000000e+04         2.459032e+03        1.133635e+01         4.000000e+04         5.964764e+03        2.041299e-04                                           1.974665e+06    1.405228e+03                       9095.07             0.00162267                0.0511702                0.0554016                8.386500e+04 
3.856620e-01    5.298317e-01    4.566754e-01   1.000000e+04         1.000000e+05         1.270552e+04        1.133635e+01         4.000000e+04         1.879286e+04        4.506501e-05                                           2.366846e+04    1.538456e+02                       8715.56             0.0141176                 0.165882                 0.119412                 9.789000e+03 
5.298317e-01    7.278954e-01    5.967647e-01   4.000000e+00         1.000000e+01         7.726532e+00        1.133635e+01         4.000000e+04         1.356342e+03        8.831576e-05                                           1.001208e+04    1.000604e+02                       5938.67             0.0575342                 0.145205                 1.1411                   7.440800e+04 
5.298317e-01    7.278954e-01    5.976283e-01   1.000000e+01         1.000000e+02         5.418234e+01        1.133635e+01         4.000000e+04         1.460590e+03        1.599817e-04                                           2.551766e+05    5.051501e+02                       1.82243e+05         0.0161955                 0.256828                 0.652324                 9.991600e+04 
5.298317e-01    7.278954e-01    5.973935e-01   1.000000e+02         1.000000e+03         4.425103e+02        1.133635e+01         4.000000e+04         2.198004e+03        9.873662e-05                                           1.073090e+06    1.035900e+03                       7.50754e+05         0.00302561                0.456343                 0.384324                 9.881700e+04 
5.298317e-01    7.278954e-01    5.986291e-01   1.000000e+03         1.000000e+04         2.585009e+03        1.133635e+01         4.000000e+04         5.204964e+03        4.288209e-05                                           7.767936e+05    8.813589e+02                       5.02358e+05         0.00216295                0.676289                 0.0426086                8.829500e+04 
