Experiment = FASERv2FCC_wide | seed 2 | Neutrino = -14 | Exp. Target density (nucleons / cm3) = 10^(25.1) | Exp. Target Length = 660.0 cm | Total Events = 16179144.6 |        del_theta = 0.06 mrad, theta_max = 50.0 mrad |        del_Elepton = 30.0 % , Elepton_min = 100.00 GeV, Elepton_max = 100000.00 GeV|        del_Ehadron = 30.0 %, Ehadron_min = 100.00 GeV GeV, Ehadron_max = 100000.00 GeV
x_lower         x_upper         x_avg          Q2_lower[GeV^2]      Q2_upper[GeV^2]      Q2_avg[GeV^2]       E_nu_lower[GeV]      E_nu_upper[GeV]      E_nu_avg[GeV]       d^sigma/dxdQ2(x_avg,Q2_avg,Enu_avg) pb / GeV^2         N_events        N_events_errs = Sqrt[N_events]     N_sys_errs          Fractional_error_theta    Fractional_error_Elepton Fractional_error_Ehadron MC_Samples 
1.000000e-04    1.373824e-04    nan            4.000000e+00         1.000000e+01         nan                 1.133635e+01         4.000000e+04         nan                 nan                                                    0.000000e+00    nan                                nan                 nan                       nan                      nan                      nan 
1.000000e-04    1.373824e-04    nan            1.000000e+01         1.000000e+02         nan                 1.133635e+01         4.000000e+04         nan                 nan                                                    0.000000e+00    nan                                nan                 nan                       nan                      nan                      nan 
1.000000e-04    1.373824e-04    nan            1.000000e+02         1.000000e+03         nan                 1.133635e+01         4.000000e+04         nan                 nan                                                    0.000000e+00    nan                                nan                 nan                       nan                      nan                      nan 
1.000000e-04    1.373824e-04    nan            1.000000e+03         1.000000e+04         nan                 1.133635e+01         4.000000e+04         nan                 nan                                                    0.000000e+00    nan                                nan                 nan                       nan                      nan                      nan 
1.000000e-04    1.373824e-04    nan            1.000000e+04         1.000000e+05         nan                 1.133635e+01         4.000000e+04         nan                 nan                                                    0.000000e+00    nan                                nan                 nan                       nan                      nan                      nan 
1.373824e-04    1.887392e-04    1.666477e-04   4.000000e+00         1.000000e+01         5.356642e+00        1.133635e+01         4.000000e+04         1.934855e+04        3.819361e+01                                           1.002225e+02    1.001112e+01                       63.4743             0.3                       0.333333                 0.333333                 4.198000e+03 
1.373824e-04    1.887392e-04    nan            1.000000e+01         1.000000e+02         nan                 1.133635e+01         4.000000e+04         nan                 nan                                                    0.000000e+00    nan                                nan                 nan                       nan                      nan                      nan 
1.373824e-04    1.887392e-04    nan            1.000000e+02         1.000000e+03         nan                 1.133635e+01         4.000000e+04         nan                 nan                                                    0.000000e+00    nan                                nan                 nan                       nan                      nan                      nan 
1.373824e-04    1.887392e-04    nan            1.000000e+03         1.000000e+04         nan                 1.133635e+01         4.000000e+04         nan                 nan                                                    0.000000e+00    nan                                nan                 nan                       nan                      nan                      nan 
1.373824e-04    1.887392e-04    nan            1.000000e+04         1.000000e+05         nan                 1.133635e+01         4.000000e+04         nan                 nan                                                    0.000000e+00    nan                                nan                 nan                       nan                      nan                      nan 
1.887392e-04    2.592944e-04    2.332264e-04   4.000000e+00         1.000000e+01         5.397644e+00        1.133635e+01         4.000000e+04         1.614695e+04        2.714702e+01                                           3.878592e+02    1.969414e+01                       62.7963             0.22381                   0.166667                 0.12381                  5.629000e+03 
1.887392e-04    2.592944e-04    nan            1.000000e+01         1.000000e+02         nan                 1.133635e+01         4.000000e+04         nan                 nan                                                    0.000000e+00    nan                                nan                 nan                       nan                      nan                      nan 
1.887392e-04    2.592944e-04    nan            1.000000e+02         1.000000e+03         nan                 1.133635e+01         4.000000e+04         nan                 nan                                                    0.000000e+00    nan                                nan                 nan                       nan                      nan                      nan 
1.887392e-04    2.592944e-04    nan            1.000000e+03         1.000000e+04         nan                 1.133635e+01         4.000000e+04         nan                 nan                                                    0.000000e+00    nan                                nan                 nan                       nan                      nan                      nan 
1.887392e-04    2.592944e-04    nan            1.000000e+04         1.000000e+05         nan                 1.133635e+01         4.000000e+04         nan                 nan                                                    0.000000e+00    nan                                nan                 nan                       nan                      nan                      nan 
2.592944e-04    3.562248e-04    3.116200e-04   4.000000e+00         1.000000e+01         5.495526e+00        1.133635e+01         4.000000e+04         1.312329e+04        1.948727e+01                                           1.092309e+03    3.305010e+01                       125.347             0.0704918                 0.0836066                0.211475                 6.951000e+03 
2.592944e-04    3.562248e-04    3.245633e-04   1.000000e+01         1.000000e+02         1.360631e+01        1.133635e+01         4.000000e+04         2.391504e+04        2.658983e+01                                           6.970755e+01    8.349105e+00                       411.275             2.0                       3.2                      2.8                      3.960000e+02 
2.592944e-04    3.562248e-04    nan            1.000000e+02         1.000000e+03         nan                 1.133635e+01         4.000000e+04         nan                 nan                                                    0.000000e+00    nan                                nan                 nan                       nan                      nan                      nan 
2.592944e-04    3.562248e-04    nan            1.000000e+03         1.000000e+04         nan                 1.133635e+01         4.000000e+04         nan                 nan                                                    0.000000e+00    nan                                nan                 nan                       nan                      nan                      nan 
2.592944e-04    3.562248e-04    nan            1.000000e+04         1.000000e+05         nan                 1.133635e+01         4.000000e+04         nan                 nan                                                    0.000000e+00    nan                                nan                 nan                       nan                      nan                      nan 
3.562248e-04    4.893901e-04    4.282607e-04   4.000000e+00         1.000000e+01         6.163644e+00        1.133635e+01         4.000000e+04         1.136492e+04        1.478709e+01                                           2.593572e+03    5.092712e+01                       187.508             0.106757                  0.123649                 0.172973                 7.688000e+03 
3.562248e-04    4.893901e-04    4.294051e-04   1.000000e+01         1.000000e+02         1.318115e+01        1.133635e+01         4.000000e+04         1.953263e+04        2.033316e+01                                           3.866998e+02    1.966468e+01                       169.411             0.142857                  0.161905                 0.452381                 8.290000e+02 
3.562248e-04    4.893901e-04    nan            1.000000e+02         1.000000e+03         nan                 1.133635e+01         4.000000e+04         nan                 nan                                                    0.000000e+00    nan                                nan                 nan                       nan                      nan                      nan 
3.562248e-04    4.893901e-04    nan            1.000000e+03         1.000000e+04         nan                 1.133635e+01         4.000000e+04         nan                 nan                                                    0.000000e+00    nan                                nan                 nan                       nan                      nan                      nan 
3.562248e-04    4.893901e-04    nan            1.000000e+04         1.000000e+05         nan                 1.133635e+01         4.000000e+04         nan                 nan                                                    0.000000e+00    nan                                nan                 nan                       nan                      nan                      nan 
4.893901e-04    6.723358e-04    5.847109e-04   4.000000e+00         1.000000e+01         6.199240e+00        1.133635e+01         4.000000e+04         9.084071e+03        1.064293e+01                                           5.303979e+03    7.282842e+01                       417.622             0.0710963                 0.127575                 0.125914                 8.336000e+03 
4.893901e-04    6.723358e-04    5.966389e-04   1.000000e+01         1.000000e+02         1.454002e+01        1.133635e+01         4.000000e+04         1.614386e+04        1.433859e+01                                           1.415482e+03    3.762290e+01                       316.299             0.0790123                 0.140741                 0.0802469                1.400000e+03 
4.893901e-04    6.723358e-04    nan            1.000000e+02         1.000000e+03         nan                 1.133635e+01         4.000000e+04         nan                 nan                                                    0.000000e+00    nan                                nan                 nan                       nan                      nan                      nan 
4.893901e-04    6.723358e-04    nan            1.000000e+03         1.000000e+04         nan                 1.133635e+01         4.000000e+04         nan                 nan                                                    0.000000e+00    nan                                nan                 nan                       nan                      nan                      nan 
4.893901e-04    6.723358e-04    nan            1.000000e+04         1.000000e+05         nan                 1.133635e+01         4.000000e+04         nan                 nan                                                    0.000000e+00    nan                                nan                 nan                       nan                      nan                      nan 
6.723358e-04    9.236709e-04    7.988465e-04   4.000000e+00         1.000000e+01         6.225440e+00        1.133635e+01         4.000000e+04         7.172629e+03        7.469689e+00                                           1.029511e+04    1.014648e+02                       996.654             0.0590426                 0.135816                 0.123227                 8.799000e+03 
6.723358e-04    9.236709e-04    8.183045e-04   1.000000e+01         1.000000e+02         1.489375e+01        1.133635e+01         4.000000e+04         1.329929e+04        1.023778e+01                                           4.325982e+03    6.577220e+01                       793.74              0.0441964                 0.162946                 0.0535714                2.262000e+03 
6.723358e-04    9.236709e-04    nan            1.000000e+02         1.000000e+03         nan                 1.133635e+01         4.000000e+04         nan                 nan                                                    0.000000e+00    nan                                nan                 nan                       nan                      nan                      nan 
6.723358e-04    9.236709e-04    nan            1.000000e+03         1.000000e+04         nan                 1.133635e+01         4.000000e+04         nan                 nan                                                    0.000000e+00    nan                                nan                 nan                       nan                      nan                      nan 
6.723358e-04    9.236709e-04    nan            1.000000e+04         1.000000e+05         nan                 1.133635e+01         4.000000e+04         nan                 nan                                                    0.000000e+00    nan                                nan                 nan                       nan                      nan                      nan 
9.236709e-04    1.268961e-03    1.107882e-03   4.000000e+00         1.000000e+01         6.439168e+00        1.133635e+01         4.000000e+04         5.795744e+03        5.183601e+00                                           1.745495e+04    1.321172e+02                       1525.34             0.0604605                 0.149149                 0.126126                 9.131000e+03 
9.236709e-04    1.268961e-03    1.108259e-03   1.000000e+01         1.000000e+02         1.679813e+01        1.133635e+01         4.000000e+04         1.189144e+04        7.363394e+00                                           1.079825e+04    1.039146e+02                       2114.58             0.0428312                 0.154083                 0.0317604                3.433000e+03 
9.236709e-04    1.268961e-03    nan            1.000000e+02         1.000000e+03         nan                 1.133635e+01         4.000000e+04         nan                 nan                                                    0.000000e+00    nan                                nan                 nan                       nan                      nan                      nan 
9.236709e-04    1.268961e-03    nan            1.000000e+03         1.000000e+04         nan                 1.133635e+01         4.000000e+04         nan                 nan                                                    0.000000e+00    nan                                nan                 nan                       nan                      nan                      nan 
9.236709e-04    1.268961e-03    nan            1.000000e+04         1.000000e+05         nan                 1.133635e+01         4.000000e+04         nan                 nan                                                    0.000000e+00    nan                                nan                 nan                       nan                      nan                      nan 
1.268961e-03    1.743329e-03    1.513598e-03   4.000000e+00         1.000000e+01         6.435052e+00        1.133635e+01         4.000000e+04         4.767447e+03        3.584994e+00                                           2.924917e+04    1.710239e+02                       1264.25             0.071978                  0.115995                 0.116911                 9.342000e+03 
1.268961e-03    1.743329e-03    1.524305e-03   1.000000e+01         1.000000e+02         1.915275e+01        1.133635e+01         4.000000e+04         1.005149e+04        5.033171e+00                                           2.294355e+04    1.514713e+02                       4673.62             0.0102607                 0.19529                  0.020185                 5.086000e+03 
1.268961e-03    1.743329e-03    nan            1.000000e+02         1.000000e+03         nan                 1.133635e+01         4.000000e+04         nan                 nan                                                    0.000000e+00    nan                                nan                 nan                       nan                      nan                      nan 
1.268961e-03    1.743329e-03    nan            1.000000e+03         1.000000e+04         nan                 1.133635e+01         4.000000e+04         nan                 nan                                                    0.000000e+00    nan                                nan                 nan                       nan                      nan                      nan 
1.268961e-03    1.743329e-03    nan            1.000000e+04         1.000000e+05         nan                 1.133635e+01         4.000000e+04         nan                 nan                                                    0.000000e+00    nan                                nan                 nan                       nan                      nan                      nan 
1.743329e-03    2.395027e-03    2.069152e-03   4.000000e+00         1.000000e+01         6.572523e+00        1.133635e+01         4.000000e+04         3.785821e+03        2.514003e+00                                           4.070926e+04    2.017654e+02                       2598.32             0.0359649                 0.127945                 0.0912281                9.531000e+03 
1.743329e-03    2.395027e-03    2.085542e-03   1.000000e+01         1.000000e+02         2.198874e+01        1.133635e+01         4.000000e+04         8.837530e+03        3.582652e+00                                           4.704481e+04    2.168982e+02                       5238.49             0.0134721                 0.124273                 0.011469                 6.378000e+03 
1.743329e-03    2.395027e-03    2.375286e-03   1.000000e+02         1.000000e+03         1.101544e+02        1.133635e+01         4.000000e+04         2.871555e+04        3.882748e+00                                           1.381923e+01    3.717423e+00                       26.9475             0.35                      0.7                      1.9                      9.800000e+01 
1.743329e-03    2.395027e-03    nan            1.000000e+03         1.000000e+04         nan                 1.133635e+01         4.000000e+04         nan                 nan                                                    0.000000e+00    nan                                nan                 nan                       nan                      nan                      nan 
1.743329e-03    2.395027e-03    nan            1.000000e+04         1.000000e+05         nan                 1.133635e+01         4.000000e+04         nan                 nan                                                    0.000000e+00    nan                                nan                 nan                       nan                      nan                      nan 
2.395027e-03    3.290345e-03    2.833208e-03   4.000000e+00         1.000000e+01         6.669526e+00        1.133635e+01         4.000000e+04         3.325760e+03        1.819863e+00                                           5.781221e+04    2.404417e+02                       6346.11             0.044534                  0.167559                 0.0747178                9.648000e+03 
2.395027e-03    3.290345e-03    2.857853e-03   1.000000e+01         1.000000e+02         2.452038e+01        1.133635e+01         4.000000e+04         7.515388e+03        2.560701e+00                                           8.726555e+04    2.954074e+02                       8808.77             0.00820128                0.135889                 0.0198287                7.487000e+03 
2.395027e-03    3.290345e-03    2.932395e-03   1.000000e+02         1.000000e+03         1.103339e+02        1.133635e+01         4.000000e+04         2.284473e+04        2.913166e+00                                           3.331463e+02    1.825229e+01                       1451.04             0.788889                  1.41111                  3.15556                  3.590000e+02 
2.395027e-03    3.290345e-03    nan            1.000000e+03         1.000000e+04         nan                 1.133635e+01         4.000000e+04         nan                 nan                                                    0.000000e+00    nan                                nan                 nan                       nan                      nan                      nan 
2.395027e-03    3.290345e-03    nan            1.000000e+04         1.000000e+05         nan                 1.133635e+01         4.000000e+04         nan                 nan                                                    0.000000e+00    nan                                nan                 nan                       nan                      nan                      nan 
3.290345e-03    4.520354e-03    3.906916e-03   4.000000e+00         1.000000e+01         6.767571e+00        1.133635e+01         4.000000e+04         2.732926e+03        1.245809e+00                                           7.211188e+04    2.685366e+02                       4167.34             0.0388665                 0.109651                 0.0778041                9.750000e+03 
3.290345e-03    4.520354e-03    3.923000e-03   1.000000e+01         1.000000e+02         2.702851e+01        1.133635e+01         4.000000e+04         6.398553e+03        1.782453e+00                                           1.464098e+05    3.826353e+02                       8915.11             0.00900135                0.0922793                0.0285802                8.130000e+03 
3.290345e-03    4.520354e-03    4.009292e-03   1.000000e+02         1.000000e+03         1.237713e+02        1.133635e+01         4.000000e+04         1.997247e+04        2.025156e+00                                           2.159964e+03    4.647542e+01                       479.407             0.0536585                 0.0603659                0.239634                 7.030000e+02 
3.290345e-03    4.520354e-03    nan            1.000000e+03         1.000000e+04         nan                 1.133635e+01         4.000000e+04         nan                 nan                                                    0.000000e+00    nan                                nan                 nan                       nan                      nan                      nan 
3.290345e-03    4.520354e-03    nan            1.000000e+04         1.000000e+05         nan                 1.133635e+01         4.000000e+04         nan                 nan                                                    0.000000e+00    nan                                nan                 nan                       nan                      nan                      nan 
4.520354e-03    6.210169e-03    5.349454e-03   4.000000e+00         1.000000e+01         6.826190e+00        1.133635e+01         4.000000e+04         2.417348e+03        8.490163e-01                                           8.648437e+04    2.940822e+02                       4509.36             0.0385924                 0.0817986                0.0487195                9.809000e+03 
4.520354e-03    6.210169e-03    5.389154e-03   1.000000e+01         1.000000e+02         3.001320e+01        1.133635e+01         4.000000e+04         5.571757e+03        1.222210e+00                                           2.242747e+05    4.735765e+02                       9688.35             0.005168                  0.0852797                0.0367968                8.528000e+03 
4.520354e-03    6.210169e-03    5.514524e-03   1.000000e+02         1.000000e+03         1.339904e+02        1.133635e+01         4.000000e+04         1.645887e+04        1.341308e+00                                           8.347005e+03    9.136194e+01                       1510.41             0.025641                  0.0562271                0.167399                 1.192000e+03 
4.520354e-03    6.210169e-03    nan            1.000000e+03         1.000000e+04         nan                 1.133635e+01         4.000000e+04         nan                 nan                                                    0.000000e+00    nan                                nan                 nan                       nan                      nan                      nan 
4.520354e-03    6.210169e-03    nan            1.000000e+04         1.000000e+05         nan                 1.133635e+01         4.000000e+04         nan                 nan                                                    0.000000e+00    nan                                nan                 nan                       nan                      nan                      nan 
6.210169e-03    8.531679e-03    7.337460e-03   4.000000e+00         1.000000e+01         6.860633e+00        1.133635e+01         4.000000e+04         1.970486e+03        5.525764e-01                                           1.044916e+05    3.232516e+02                       4998.2              0.0242921                 0.0658137                0.0402934                9.852000e+03 
6.210169e-03    8.531679e-03    7.387922e-03   1.000000e+01         1.000000e+02         3.246857e+01        1.133635e+01         4.000000e+04         4.729836e+03        8.118871e-01                                           3.571942e+05    5.976572e+02                       11813.5             0.00277355                0.0713417                0.0282651                8.963000e+03 
6.210169e-03    8.531679e-03    7.477066e-03   1.000000e+02         1.000000e+03         1.450879e+02        1.133635e+01         4.000000e+04         1.403005e+04        8.861799e-01                                           2.540431e+04    1.593873e+02                       2255.73             0.0105438                 0.0240053                0.0678382                2.064000e+03 
6.210169e-03    8.531679e-03    nan            1.000000e+03         1.000000e+04         nan                 1.133635e+01         4.000000e+04         nan                 nan                                                    0.000000e+00    nan                                nan                 nan                       nan                      nan                      nan 
6.210169e-03    8.531679e-03    nan            1.000000e+04         1.000000e+05         nan                 1.133635e+01         4.000000e+04         nan                 nan                                                    0.000000e+00    nan                                nan                 nan                       nan                      nan                      nan 
8.531679e-03    1.172102e-02    1.006339e-02   4.000000e+00         1.000000e+01         6.887753e+00        1.133635e+01         4.000000e+04         1.790770e+03        3.561516e-01                                           1.219029e+05    3.491460e+02                       6243.81             0.0217309                 0.0582533                0.0112352                9.884000e+03 
8.531679e-03    1.172102e-02    1.011499e-02   1.000000e+01         1.000000e+02         3.539757e+01        1.133635e+01         4.000000e+04         4.044609e+03        5.268225e-01                                           4.832361e+05    6.951518e+02                       2233.44             0.00301198                0.0346378                0.0334248                9.286000e+03 
8.531679e-03    1.172102e-02    1.024292e-02   1.000000e+02         1.000000e+03         1.615895e+02        1.133635e+01         4.000000e+04         1.207983e+04        5.635293e-01                                           6.035826e+04    2.456792e+02                       3298.17             0.00812183                0.0265452                0.0452971                3.155000e+03 
8.531679e-03    1.172102e-02    nan            1.000000e+03         1.000000e+04         nan                 1.133635e+01         4.000000e+04         nan                 nan                                                    0.000000e+00    nan                                nan                 nan                       nan                      nan                      nan 
8.531679e-03    1.172102e-02    nan            1.000000e+04         1.000000e+05         nan                 1.133635e+01         4.000000e+04         nan                 nan                                                    0.000000e+00    nan                                nan                 nan                       nan                      nan                      nan 
1.172102e-02    1.610262e-02    1.377753e-02   4.000000e+00         1.000000e+01         6.962436e+00        1.133635e+01         4.000000e+04         1.564945e+03        2.394028e-01                                           1.293648e+05    3.596732e+02                       3971.6              0.0235353                 0.0262062                0.0408242                9.911000e+03 
1.172102e-02    1.610262e-02    1.384626e-02   1.000000e+01         1.000000e+02         3.820863e+01        1.133635e+01         4.000000e+04         3.475238e+03        3.582856e-01                                           5.610769e+05    7.490506e+02                       10381.0             0.00207582                0.0231518                0.0342524                9.461000e+03 
1.172102e-02    1.610262e-02    1.402865e-02   1.000000e+02         1.000000e+03         1.767964e+02        1.133635e+01         4.000000e+04         1.018014e+04        3.654483e-01                                           1.277632e+05    3.574398e+02                       4620.41             0.00427568                0.0196442                0.0240245                4.674000e+03 
1.172102e-02    1.610262e-02    nan            1.000000e+03         1.000000e+04         nan                 1.133635e+01         4.000000e+04         nan                 nan                                                    0.000000e+00    nan                                nan                 nan                       nan                      nan                      nan 
1.172102e-02    1.610262e-02    nan            1.000000e+04         1.000000e+05         nan                 1.133635e+01         4.000000e+04         nan                 nan                                                    0.000000e+00    nan                                nan                 nan                       nan                      nan                      nan 
1.610262e-02    2.212216e-02    1.889466e-02   4.000000e+00         1.000000e+01         6.981802e+00        1.133635e+01         4.000000e+04         1.427705e+03        1.548482e-01                                           1.197820e+05    3.460953e+02                       5403.75             0.0149285                 0.0283522                0.0315554                9.920000e+03 
1.610262e-02    2.212216e-02    1.901030e-02   1.000000e+01         1.000000e+02         4.102445e+01        1.133635e+01         4.000000e+04         3.006406e+03        2.363502e-01                                           7.405080e+05    8.605277e+02                       25026.6             0.00150955                0.00339825               0.031604                 9.581000e+03 
1.610262e-02    2.212216e-02    1.918873e-02   1.000000e+02         1.000000e+03         1.953182e+02        1.133635e+01         4.000000e+04         8.600183e+03        2.328668e-01                                           2.329071e+05    4.826045e+02                       7706.31             0.00525815                0.0245856                0.00911254               6.126000e+03 
1.610262e-02    2.212216e-02    2.053792e-02   1.000000e+03         1.000000e+04         1.213774e+03        1.133635e+01         4.000000e+04         3.327014e+04        1.530773e-01                                           3.323704e+01    5.765158e+00                       285.839             0.4                       0.8                      9.9                      6.900000e+01 
1.610262e-02    2.212216e-02    nan            1.000000e+04         1.000000e+05         nan                 1.133635e+01         4.000000e+04         nan                 nan                                                    0.000000e+00    nan                                nan                 nan                       nan                      nan                      nan 
2.212216e-02    3.039195e-02    2.574471e-02   4.000000e+00         1.000000e+01         7.399582e+00        1.133635e+01         4.000000e+04         1.301789e+03        9.837312e-02                                           9.876547e+04    3.142697e+02                       12223.9             0.00998928                0.0611508                0.092441                 8.365000e+03 
2.212216e-02    3.039195e-02    2.610587e-02   1.000000e+01         1.000000e+02         4.299911e+01        1.133635e+01         4.000000e+04         2.584205e+03        1.483115e-01                                           8.407843e+05    9.169429e+02                       60780.8             0.00381128                0.0441999                0.0405042                9.714000e+03 
2.212216e-02    3.039195e-02    2.637371e-02   1.000000e+02         1.000000e+03         2.168474e+02        1.133635e+01         4.000000e+04         7.263720e+03        1.404633e-01                                           3.733650e+05    6.110360e+02                       24832.5             0.00275721                0.04515                  0.0258257                7.182000e+03 
2.212216e-02    3.039195e-02    2.746689e-02   1.000000e+03         1.000000e+04         1.117150e+03        1.133635e+01         4.000000e+04         2.484146e+04        1.011204e-01                                           6.608941e+02    2.570786e+01                       766.28              0.0891892                 0.140541                 1.09189                  2.750000e+02 
2.212216e-02    3.039195e-02    nan            1.000000e+04         1.000000e+05         nan                 1.133635e+01         4.000000e+04         nan                 nan                                                    0.000000e+00    nan                                nan                 nan                       nan                      nan                      nan 
3.039195e-02    4.175319e-02    3.508270e-02   4.000000e+00         1.000000e+01         8.300017e+00        1.133635e+01         4.000000e+04         1.205531e+03        6.074640e-02                                           6.055763e+04    2.460846e+02                       12272.1             0.0045413                 0.053886                 0.164706                 5.307000e+03 
3.039195e-02    4.175319e-02    3.585949e-02   1.000000e+01         1.000000e+02         4.498526e+01        1.133635e+01         4.000000e+04         2.231569e+03        8.859285e-02                                           9.085992e+05    9.532047e+02                       71546.3             0.00127805                0.0574813                0.0232458                9.789000e+03 
3.039195e-02    4.175319e-02    3.620255e-02   1.000000e+02         1.000000e+03         2.393702e+02        1.133635e+01         4.000000e+04         6.168765e+03        8.115062e-02                                           5.335810e+05    7.304663e+02                       39189.8             0.00237523                0.0432772                0.0278691                7.861000e+03 
3.039195e-02    4.175319e-02    3.730267e-02   1.000000e+03         1.000000e+04         1.202215e+03        1.133635e+01         4.000000e+04         2.089126e+04        5.864669e-02                                           5.251973e+03    7.247050e+01                       1920.25             0.0167969                 0.0996094                0.463281                 5.890000e+02 
3.039195e-02    4.175319e-02    nan            1.000000e+04         1.000000e+05         nan                 1.133635e+01         4.000000e+04         nan                 nan                                                    0.000000e+00    nan                                nan                 nan                       nan                      nan                      nan 
4.175319e-02    5.736153e-02    4.537393e-02   4.000000e+00         1.000000e+01         9.266311e+00        1.133635e+01         4.000000e+04         1.225772e+03        3.930970e-02                                           1.268196e+04    1.126142e+02                       4193.93             0.0146497                 0.0648408                0.301783                 1.320000e+03 
4.175319e-02    5.736153e-02    4.911182e-02   1.000000e+01         1.000000e+02         4.687105e+01        1.133635e+01         4.000000e+04         1.956165e+03        5.008782e-02                                           9.131542e+05    9.555910e+02                       93186.1             0.000725667               0.079872                 0.0214587                9.820000e+03 
4.175319e-02    5.736153e-02    4.953538e-02   1.000000e+02         1.000000e+03         2.633199e+02        1.133635e+01         4.000000e+04         5.308922e+03        4.477770e-02                                           7.024447e+05    8.381197e+02                       74541.6             0.000665868               0.0675713                0.0406874                8.470000e+03 
4.175319e-02    5.736153e-02    5.062578e-02   1.000000e+03         1.000000e+04         1.274090e+03        1.133635e+01         4.000000e+04         1.707861e+04        3.195212e-02                                           1.310754e+04    1.144882e+02                       2048.54             0.0116334                 0.0568743                0.246416                 1.056000e+03 
4.175319e-02    5.736153e-02    nan            1.000000e+04         1.000000e+05         nan                 1.133635e+01         4.000000e+04         nan                 nan                                                    0.000000e+00    nan                                nan                 nan                       nan                      nan                      nan 
5.736153e-02    7.880463e-02    nan            4.000000e+00         1.000000e+01         nan                 1.133635e+01         4.000000e+04         nan                 nan                                                    0.000000e+00    nan                                nan                 nan                       nan                      nan                      nan 
5.736153e-02    7.880463e-02    6.705063e-02   1.000000e+01         1.000000e+02         4.976978e+01        1.133635e+01         4.000000e+04         1.742659e+03        2.712806e-02                                           7.432922e+05    8.621440e+02                       83210.6             0.00150906                0.0963058                0.0216748                9.583000e+03 
5.736153e-02    7.880463e-02    6.772449e-02   1.000000e+02         1.000000e+03         2.870071e+02        1.133635e+01         4.000000e+04         4.529514e+03        2.336274e-02                                           9.069020e+05    9.523140e+02                       96383.8             0.00284255                0.0686659                0.0329948                8.914000e+03 
5.736153e-02    7.880463e-02    6.850249e-02   1.000000e+03         1.000000e+04         1.371526e+03        1.133635e+01         4.000000e+04         1.438538e+04        1.620227e-02                                           3.715592e+04    1.927587e+02                       845.984             0.00696897                0.0710263                0.0673986                1.735000e+03 
5.736153e-02    7.880463e-02    nan            1.000000e+04         1.000000e+05         nan                 1.133635e+01         4.000000e+04         nan                 nan                                                    0.000000e+00    nan                                nan                 nan                       nan                      nan                      nan 
7.880463e-02    1.082637e-01    nan            4.000000e+00         1.000000e+01         nan                 1.133635e+01         4.000000e+04         nan                 nan                                                    0.000000e+00    nan                                nan                 nan                       nan                      nan                      nan 
7.880463e-02    1.082637e-01    9.181562e-02   1.000000e+01         1.000000e+02         5.415211e+01        1.133635e+01         4.000000e+04         1.586271e+03        1.523306e-02                                           6.843059e+05    8.272278e+02                       91025.1             0.00153406                0.122651                 0.0138286                9.018000e+03 
7.880463e-02    1.082637e-01    9.260207e-02   1.000000e+02         1.000000e+03         3.118643e+02        1.133635e+01         4.000000e+04         3.890263e+03        1.309174e-02                                           9.986899e+05    9.993447e+02                       1.25499e+05         0.000632717               0.0893988                0.0383578                9.171000e+03 
7.880463e-02    1.082637e-01    9.365181e-02   1.000000e+03         1.000000e+04         1.497724e+03        1.133635e+01         4.000000e+04         1.215037e+04        8.695690e-03                                           6.848214e+04    2.616909e+02                       739.19              0.00274606                0.0515769                0.0527732                2.829000e+03 
7.880463e-02    1.082637e-01    nan            1.000000e+04         1.000000e+05         nan                 1.133635e+01         4.000000e+04         nan                 nan                                                    0.000000e+00    nan                                nan                 nan                       nan                      nan                      nan 
1.082637e-01    1.487352e-01    nan            4.000000e+00         1.000000e+01         nan                 1.133635e+01         4.000000e+04         nan                 nan                                                    0.000000e+00    nan                                nan                 nan                       nan                      nan                      nan 
1.082637e-01    1.487352e-01    1.258321e-01   1.000000e+01         1.000000e+02         5.840973e+01        1.133635e+01         4.000000e+04         1.478560e+03        7.821780e-03                                           5.047750e+05    7.104752e+02                       81934.1             0.00261288                0.157156                 0.0249257                8.390000e+03 
1.082637e-01    1.487352e-01    1.269959e-01   1.000000e+02         1.000000e+03         3.364373e+02        1.133635e+01         4.000000e+04         3.328103e+03        6.595985e-03                                           9.306531e+05    9.647037e+02                       1.3923e+05          0.000918431               0.116251                 0.047485                 9.424000e+03 
1.082637e-01    1.487352e-01    1.283905e-01   1.000000e+03         1.000000e+04         1.619666e+03        1.133635e+01         4.000000e+04         1.002573e+04        4.215731e-03                                           9.950461e+04    3.154435e+02                       7603.74             0.00335686                0.0818213                0.00834911               4.340000e+03 
1.082637e-01    1.487352e-01    nan            1.000000e+04         1.000000e+05         nan                 1.133635e+01         4.000000e+04         nan                 nan                                                    0.000000e+00    nan                                nan                 nan                       nan                      nan                      nan 
1.487352e-01    2.043360e-01    nan            4.000000e+00         1.000000e+01         nan                 1.133635e+01         4.000000e+04         nan                 nan                                                    0.000000e+00    nan                                nan                 nan                       nan                      nan                      nan 
1.487352e-01    2.043360e-01    1.728519e-01   1.000000e+01         1.000000e+02         6.375178e+01        1.133635e+01         4.000000e+04         1.350352e+03        3.571424e-03                                           2.908332e+05    5.392896e+02                       42435.6             0.00130842                0.160431                 0.00555015               7.358000e+03 
1.487352e-01    2.043360e-01    1.744492e-01   1.000000e+02         1.000000e+03         3.588090e+02        1.133635e+01         4.000000e+04         2.881512e+03        2.948704e-03                                           8.149414e+05    9.027411e+02                       1.08051e+05         0.00133587                0.110135                 0.0402496                9.542000e+03 
1.487352e-01    2.043360e-01    1.760361e-01   1.000000e+03         1.000000e+04         1.762490e+03        1.133635e+01         4.000000e+04         8.502019e+03        1.782557e-03                                           1.291096e+05    3.593183e+02                       11357.0             0.00262659                0.0674519                0.0225156                5.827000e+03 
1.487352e-01    2.043360e-01    1.989580e-01   1.000000e+04         1.000000e+05         1.026509e+04        1.133635e+01         4.000000e+04         2.995005e+04        3.103899e-04                                           9.845340e-01    9.922369e-01                       1.18144             0.0                       0.9                      1.1                      3.900000e+01 
2.043360e-01    2.807216e-01    nan            4.000000e+00         1.000000e+01         nan                 1.133635e+01         4.000000e+04         nan                 nan                                                    0.000000e+00    nan                                nan                 nan                       nan                      nan                      nan 
2.043360e-01    2.807216e-01    2.358885e-01   1.000000e+01         1.000000e+02         7.044399e+01        1.133635e+01         4.000000e+04         1.320347e+03        1.397701e-03                                           1.531203e+05    3.913059e+02                       8352.9              0.0021612                 0.093135                 0.0646072                5.932000e+03 
2.043360e-01    2.807216e-01    2.389193e-01   1.000000e+02         1.000000e+03         3.801202e+02        1.133635e+01         4.000000e+04         2.559638e+03        1.100486e-03                                           6.384653e+05    7.990403e+02                       24331.2             0.00192556                0.0340765                0.00628954               9.642000e+03 
2.043360e-01    2.807216e-01    2.408742e-01   1.000000e+03         1.000000e+04         1.855787e+03        1.133635e+01         4.000000e+04         7.085851e+03        6.229719e-04                                           1.076001e+05    3.280245e+02                       2563.65             0.00204342                0.0144884                0.046048                 6.892000e+03 
2.043360e-01    2.807216e-01    2.478623e-01   1.000000e+04         1.000000e+05         1.158650e+04        1.133635e+01         4.000000e+04         2.648484e+04        1.379734e-04                                           1.951642e+01    4.417739e+00                       23.4197             0.025                     0.275                    1.3                      2.020000e+02 
2.807216e-01    3.856620e-01    nan            4.000000e+00         1.000000e+01         nan                 1.133635e+01         4.000000e+04         nan                 nan                                                    0.000000e+00    nan                                nan                 nan                       nan                      nan                      nan 
2.807216e-01    3.856620e-01    3.183296e-01   1.000000e+01         1.000000e+02         7.853286e+01        1.133635e+01         4.000000e+04         1.253777e+03        4.197132e-04                                           4.773544e+04    2.184844e+02                       5438.47             0.00579432                0.0579816                0.147352                 4.139000e+03 
2.807216e-01    3.856620e-01    3.241282e-01   1.000000e+02         1.000000e+03         3.890140e+02        1.133635e+01         4.000000e+04         2.359272e+03        3.139701e-04                                           3.149241e+05    5.611810e+02                       61546.9             0.00128363                0.148719                 0.101653                 9.721000e+03 
2.807216e-01    3.856620e-01    3.265826e-01   1.000000e+03         1.000000e+04         1.995863e+03        1.133635e+01         4.000000e+04         5.974980e+03        1.530350e-04                                           9.649307e+04    3.106333e+02                       16843.2             0.00406321                0.250298                 0.0329982                7.694000e+03 
2.807216e-01    3.856620e-01    3.526880e-01   1.000000e+04         1.000000e+05         1.133451e+04        1.133635e+01         4.000000e+04         2.038375e+04        2.966107e-05                                           1.201522e+02    1.096140e+01                       144.183             0.1625                    0.4                      0.3                      5.050000e+02 
3.856620e-01    5.298317e-01    nan            4.000000e+00         1.000000e+01         nan                 1.133635e+01         4.000000e+04         nan                 nan                                                    0.000000e+00    nan                                nan                 nan                       nan                      nan                      nan 
3.856620e-01    5.298317e-01    4.184602e-01   1.000000e+01         1.000000e+02         8.958807e+01        1.133635e+01         4.000000e+04         1.295394e+03        1.807486e-04                                           5.099041e+03    7.140757e+01                       1798.33             0.0114219                 0.317249                 0.240093                 1.604000e+03 
3.856620e-01    5.298317e-01    4.328149e-01   1.000000e+02         1.000000e+03         3.990276e+02        1.133635e+01         4.000000e+04         2.239426e+03        1.128313e-04                                           1.117995e+05    3.343644e+02                       87570.0             0.00425828                0.581248                 0.306937                 9.808000e+03 
3.856620e-01    5.298317e-01    4.318722e-01   1.000000e+03         1.000000e+04         2.101009e+03        1.133635e+01         4.000000e+04         5.487039e+03        5.160380e-05                                           3.924893e+04    1.981134e+02                       25969.6             0.00310722                0.746258                 0.0234573                8.290000e+03 
3.856620e-01    5.298317e-01    4.528501e-01   1.000000e+04         1.000000e+05         1.174198e+04        1.133635e+01         4.000000e+04         1.782430e+04        6.134905e-06                                           1.557132e+02    1.247851e+01                       569.91              0.16                      2.34                     0.32                     9.360000e+02 
5.298317e-01    7.278954e-01    nan            4.000000e+00         1.000000e+01         nan                 1.133635e+01         4.000000e+04         nan                 nan                                                    0.000000e+00    nan                                nan                 nan                       nan                      nan                      nan 
5.298317e-01    7.278954e-01    nan            1.000000e+01         1.000000e+02         nan                 1.133635e+01         4.000000e+04         nan                 nan                                                    0.000000e+00    nan                                nan                 nan                       nan                      nan                      nan 
5.298317e-01    7.278954e-01    6.075872e-01   1.000000e+02         1.000000e+03         4.171390e+02        1.133635e+01         4.000000e+04         2.075178e+03        1.724074e-05                                           3.363067e+04    1.833867e+02                       63755.3             0.00527449                1.25431                  0.584553                 9.578000e+03 
5.298317e-01    7.278954e-01    6.149450e-01   1.000000e+03         1.000000e+04         2.201653e+03        1.133635e+01         4.000000e+04         4.830352e+03        6.779117e-06                                           1.293780e+04    1.137445e+02                       19606.6             0.0031407                 1.48204                  0.0263819                8.704000e+03 
5.298317e-01    7.278954e-01    6.390355e-01   1.000000e+04         1.000000e+05         1.363594e+04        1.133635e+01         4.000000e+04         1.475034e+04        1.038274e-06                                           1.383726e+02    1.176319e+01                       101.012             0.0                       0.58                     0.18                     1.596000e+03 
7.278954e-01    1.000000e+00    nan            4.000000e+00         1.000000e+01         nan                 1.133635e+01         4.000000e+04         nan                 nan                                                    0.000000e+00    nan                                nan                 nan                       nan                      nan                      nan 
7.278954e-01    1.000000e+00    nan            1.000000e+01         1.000000e+02         nan                 1.133635e+01         4.000000e+04         nan                 nan                                                    0.000000e+00    nan                                nan                 nan                       nan                      nan                      nan 
7.278954e-01    1.000000e+00    7.520198e-01   1.000000e+02         1.000000e+03         4.276330e+02        1.133635e+01         4.000000e+04         1.910304e+03        2.810394e-06                                           1.835341e+03    4.284088e+01                       34418.0             0.0607843                 11.652                   6.55686                  8.957000e+03 
7.278954e-01    1.000000e+00    7.580402e-01   1.000000e+03         1.000000e+04         2.456020e+03        1.133635e+01         4.000000e+04         4.032274e+03        7.603054e-07                                           8.153385e+02    2.855413e+01                       10590.3             0.0333333                 11.5048                  2.06667                  8.990000e+03 
7.278954e-01    1.000000e+00    nan            1.000000e+04         1.000000e+05         nan                 1.133635e+01         4.000000e+04         nan                 nan                                                    0.000000e+00    nan                                nan                 nan                       nan                      nan                      nan 
