Experiment = FASERv2FCC_wide | seed 2 | Neutrino = 14 | Exp. Target density (nucleons / cm3) = 10^(25.1) | Exp. Target Length = 660.0 cm | Total Events = 28943351.8 |        del_theta = 0.06 mrad, theta_max = 50.0 mrad |        del_Elepton = 30.0 % , Elepton_min = 100.00 GeV, Elepton_max = 100000.00 GeV|        del_Ehadron = 30.0 %, Ehadron_min = 100.00 GeV GeV, Ehadron_max = 100000.00 GeV
x_lower         x_upper         x_avg          Q2_lower[GeV^2]      Q2_upper[GeV^2]      Q2_avg[GeV^2]       E_nu_lower[GeV]      E_nu_upper[GeV]      E_nu_avg[GeV]       d^sigma/dxdQ2(x_avg,Q2_avg,Enu_avg) pb / GeV^2         N_events        N_events_errs = Sqrt[N_events]     N_sys_errs          Fractional_error_theta    Fractional_error_Elepton Fractional_error_Ehadron MC_Samples 
1.000000e-04    1.373824e-04    1.310307e-04   4.000000e+00         1.000000e+01         7.451698e+00        1.133635e+01         4.000000e+04         3.341036e+04        5.934504e+01                                           5.241136e+01    7.239569e+00                       23.5851             0.4                       0.75                     0.45                     2.219000e+03 
1.000000e-04    1.373824e-04    nan            1.000000e+01         1.000000e+02         nan                 1.133635e+01         4.000000e+04         nan                 nan                                                    0.000000e+00    nan                                nan                 nan                       nan                      nan                      nan 
1.000000e-04    1.373824e-04    nan            1.000000e+02         1.000000e+03         nan                 1.133635e+01         4.000000e+04         nan                 nan                                                    0.000000e+00    nan                                nan                 nan                       nan                      nan                      nan 
1.000000e-04    1.373824e-04    nan            1.000000e+03         1.000000e+04         nan                 1.133635e+01         4.000000e+04         nan                 nan                                                    0.000000e+00    nan                                nan                 nan                       nan                      nan                      nan 
1.000000e-04    1.373824e-04    nan            1.000000e+04         1.000000e+05         nan                 1.133635e+01         4.000000e+04         nan                 nan                                                    0.000000e+00    nan                                nan                 nan                       nan                      nan                      nan 
1.373824e-04    1.887392e-04    1.666477e-04   4.000000e+00         1.000000e+01         5.356642e+00        1.133635e+01         4.000000e+04         1.934855e+04        3.810581e+01                                           2.243813e+02    1.497936e+01                       194.464             0.666667                  0.9                      0.4                      4.191000e+03 
1.373824e-04    1.887392e-04    nan            1.000000e+01         1.000000e+02         nan                 1.133635e+01         4.000000e+04         nan                 nan                                                    0.000000e+00    nan                                nan                 nan                       nan                      nan                      nan 
1.373824e-04    1.887392e-04    nan            1.000000e+02         1.000000e+03         nan                 1.133635e+01         4.000000e+04         nan                 nan                                                    0.000000e+00    nan                                nan                 nan                       nan                      nan                      nan 
1.373824e-04    1.887392e-04    nan            1.000000e+03         1.000000e+04         nan                 1.133635e+01         4.000000e+04         nan                 nan                                                    0.000000e+00    nan                                nan                 nan                       nan                      nan                      nan 
1.373824e-04    1.887392e-04    nan            1.000000e+04         1.000000e+05         nan                 1.133635e+01         4.000000e+04         nan                 nan                                                    0.000000e+00    nan                                nan                 nan                       nan                      nan                      nan 
1.887392e-04    2.592944e-04    2.297018e-04   4.000000e+00         1.000000e+01         5.532734e+00        1.133635e+01         4.000000e+04         1.795669e+04        2.855553e+01                                           7.421780e+02    2.724294e+01                       116.167             0.23913                   0.126087                 0.121739                 5.781000e+03 
1.887392e-04    2.592944e-04    1.969867e-04   1.000000e+01         1.000000e+02         1.230085e+01        1.133635e+01         4.000000e+04         3.623738e+04        4.836659e+01                                           2.798352e+01    5.289945e+00                       27.9835             0.6                       0.3                      0.9                      1.730000e+02 
1.887392e-04    2.592944e-04    nan            1.000000e+02         1.000000e+03         nan                 1.133635e+01         4.000000e+04         nan                 nan                                                    0.000000e+00    nan                                nan                 nan                       nan                      nan                      nan 
1.887392e-04    2.592944e-04    nan            1.000000e+03         1.000000e+04         nan                 1.133635e+01         4.000000e+04         nan                 nan                                                    0.000000e+00    nan                                nan                 nan                       nan                      nan                      nan 
1.887392e-04    2.592944e-04    nan            1.000000e+04         1.000000e+05         nan                 1.133635e+01         4.000000e+04         nan                 nan                                                    0.000000e+00    nan                                nan                 nan                       nan                      nan                      nan 
2.592944e-04    3.562248e-04    3.103097e-04   4.000000e+00         1.000000e+01         5.581364e+00        1.133635e+01         4.000000e+04         1.342512e+04        1.976011e+01                                           1.753116e+03    4.187022e+01                       230.673             0.0929825                 0.201754                 0.135088                 6.910000e+03 
2.592944e-04    3.562248e-04    3.074790e-04   1.000000e+01         1.000000e+02         1.359858e+01        1.133635e+01         4.000000e+04         2.741297e+04        2.968070e+01                                           1.755915e+02    1.325110e+01                       310.212             0.466667                  1.33333                  0.666667                 4.120000e+02 
2.592944e-04    3.562248e-04    nan            1.000000e+02         1.000000e+03         nan                 1.133635e+01         4.000000e+04         nan                 nan                                                    0.000000e+00    nan                                nan                 nan                       nan                      nan                      nan 
2.592944e-04    3.562248e-04    nan            1.000000e+03         1.000000e+04         nan                 1.133635e+01         4.000000e+04         nan                 nan                                                    0.000000e+00    nan                                nan                 nan                       nan                      nan                      nan 
2.592944e-04    3.562248e-04    nan            1.000000e+04         1.000000e+05         nan                 1.133635e+01         4.000000e+04         nan                 nan                                                    0.000000e+00    nan                                nan                 nan                       nan                      nan                      nan 
3.562248e-04    4.893901e-04    4.277843e-04   4.000000e+00         1.000000e+01         6.094646e+00        1.133635e+01         4.000000e+04         1.180364e+04        1.501622e+01                                           3.988997e+03    6.315850e+01                       261.045             0.0727941                 0.196324                 0.191176                 7.793000e+03 
3.562248e-04    4.893901e-04    4.278823e-04   1.000000e+01         1.000000e+02         1.376838e+01        1.133635e+01         4.000000e+04         2.146631e+04        2.113318e+01                                           9.523606e+02    3.086034e+01                       448.403             0.133333                  0.258333                 0.416667                 7.660000e+02 
3.562248e-04    4.893901e-04    nan            1.000000e+02         1.000000e+03         nan                 1.133635e+01         4.000000e+04         nan                 nan                                                    0.000000e+00    nan                                nan                 nan                       nan                      nan                      nan 
3.562248e-04    4.893901e-04    nan            1.000000e+03         1.000000e+04         nan                 1.133635e+01         4.000000e+04         nan                 nan                                                    0.000000e+00    nan                                nan                 nan                       nan                      nan                      nan 
3.562248e-04    4.893901e-04    nan            1.000000e+04         1.000000e+05         nan                 1.133635e+01         4.000000e+04         nan                 nan                                                    0.000000e+00    nan                                nan                 nan                       nan                      nan                      nan 
4.893901e-04    6.723358e-04    5.824939e-04   4.000000e+00         1.000000e+01         6.264891e+00        1.133635e+01         4.000000e+04         9.474756e+03        1.085601e+01                                           7.606525e+03    8.721540e+01                       817.63              0.0565543                 0.116105                 0.0940075                8.396000e+03 
4.893901e-04    6.723358e-04    5.942912e-04   1.000000e+01         1.000000e+02         1.521081e+01        1.133635e+01         4.000000e+04         1.778679e+04        1.490443e+01                                           2.534992e+03    5.034870e+01                       619.01              0.101163                  0.159302                 0.0953488                1.398000e+03 
4.893901e-04    6.723358e-04    nan            1.000000e+02         1.000000e+03         nan                 1.133635e+01         4.000000e+04         nan                 nan                                                    0.000000e+00    nan                                nan                 nan                       nan                      nan                      nan 
4.893901e-04    6.723358e-04    nan            1.000000e+03         1.000000e+04         nan                 1.133635e+01         4.000000e+04         nan                 nan                                                    0.000000e+00    nan                                nan                 nan                       nan                      nan                      nan 
4.893901e-04    6.723358e-04    nan            1.000000e+04         1.000000e+05         nan                 1.133635e+01         4.000000e+04         nan                 nan                                                    0.000000e+00    nan                                nan                 nan                       nan                      nan                      nan 
6.723358e-04    9.236709e-04    7.963225e-04   4.000000e+00         1.000000e+01         6.306720e+00        1.133635e+01         4.000000e+04         7.467969e+03        7.609368e+00                                           1.419119e+04    1.191268e+02                       1516.68             0.06625                   0.179792                 0.123958                 8.756000e+03 
6.723358e-04    9.236709e-04    8.172721e-04   1.000000e+01         1.000000e+02         1.590097e+01        1.133635e+01         4.000000e+04         1.484740e+04        1.062077e+01                                           6.780521e+03    8.234392e+01                       1347.18             0.0372807                 0.173684                 0.0403509                2.335000e+03 
6.723358e-04    9.236709e-04    nan            1.000000e+02         1.000000e+03         nan                 1.133635e+01         4.000000e+04         nan                 nan                                                    0.000000e+00    nan                                nan                 nan                       nan                      nan                      nan 
6.723358e-04    9.236709e-04    nan            1.000000e+03         1.000000e+04         nan                 1.133635e+01         4.000000e+04         nan                 nan                                                    0.000000e+00    nan                                nan                 nan                       nan                      nan                      nan 
6.723358e-04    9.236709e-04    nan            1.000000e+04         1.000000e+05         nan                 1.133635e+01         4.000000e+04         nan                 nan                                                    0.000000e+00    nan                                nan                 nan                       nan                      nan                      nan 
9.236709e-04    1.268961e-03    1.111545e-03   4.000000e+00         1.000000e+01         6.468227e+00        1.133635e+01         4.000000e+04         6.095730e+03        5.274789e+00                                           2.371547e+04    1.539983e+02                       2167.35             0.0535055                 0.1508                   0.119311                 9.103000e+03 
9.236709e-04    1.268961e-03    1.107598e-03   1.000000e+01         1.000000e+02         1.768679e+01        1.133635e+01         4.000000e+04         1.296396e+04        7.582157e+00                                           1.636546e+04    1.279275e+02                       2745.17             0.0383302                 0.164326                 0.0296015                3.496000e+03 
9.236709e-04    1.268961e-03    nan            1.000000e+02         1.000000e+03         nan                 1.133635e+01         4.000000e+04         nan                 nan                                                    0.000000e+00    nan                                nan                 nan                       nan                      nan                      nan 
9.236709e-04    1.268961e-03    nan            1.000000e+03         1.000000e+04         nan                 1.133635e+01         4.000000e+04         nan                 nan                                                    0.000000e+00    nan                                nan                 nan                       nan                      nan                      nan 
9.236709e-04    1.268961e-03    nan            1.000000e+04         1.000000e+05         nan                 1.133635e+01         4.000000e+04         nan                 nan                                                    0.000000e+00    nan                                nan                 nan                       nan                      nan                      nan 
1.268961e-03    1.743329e-03    1.509826e-03   4.000000e+00         1.000000e+01         6.484624e+00        1.133635e+01         4.000000e+04         5.005503e+03        3.658803e+00                                           3.696649e+04    1.922667e+02                       2422.82             0.0708365                 0.128089                 0.109593                 9.370000e+03 
1.268961e-03    1.743329e-03    1.524546e-03   1.000000e+01         1.000000e+02         2.066268e+01        1.133635e+01         4.000000e+04         1.118358e+04        5.213269e+00                                           3.133157e+04    1.770073e+02                       5851.21             0.0240472                 0.193557                 0.0143376                5.191000e+03 
1.268961e-03    1.743329e-03    nan            1.000000e+02         1.000000e+03         nan                 1.133635e+01         4.000000e+04         nan                 nan                                                    0.000000e+00    nan                                nan                 nan                       nan                      nan                      nan 
1.268961e-03    1.743329e-03    nan            1.000000e+03         1.000000e+04         nan                 1.133635e+01         4.000000e+04         nan                 nan                                                    0.000000e+00    nan                                nan                 nan                       nan                      nan                      nan 
1.268961e-03    1.743329e-03    nan            1.000000e+04         1.000000e+05         nan                 1.133635e+01         4.000000e+04         nan                 nan                                                    0.000000e+00    nan                                nan                 nan                       nan                      nan                      nan 
1.743329e-03    2.395027e-03    2.063952e-03   4.000000e+00         1.000000e+01         6.606480e+00        1.133635e+01         4.000000e+04         3.995089e+03        2.578102e+00                                           5.479180e+04    2.340765e+02                       4605.99             0.0391566                 0.135487                 0.0743154                9.563000e+03 
1.743329e-03    2.395027e-03    2.081470e-03   1.000000e+01         1.000000e+02         2.339380e+01        1.133635e+01         4.000000e+04         9.656170e+03        3.707444e+00                                           6.885209e+04    2.623968e+02                       7244.86             0.0134573                 0.114431                 0.0189464                6.392000e+03 
1.743329e-03    2.395027e-03    2.082069e-03   1.000000e+02         1.000000e+03         1.146137e+02        1.133635e+01         4.000000e+04         3.205889e+04        4.484217e+00                                           1.808078e+02    1.344648e+01                       50.6262             0.15                      0.18                     0.29                     1.010000e+02 
1.743329e-03    2.395027e-03    nan            1.000000e+03         1.000000e+04         nan                 1.133635e+01         4.000000e+04         nan                 nan                                                    0.000000e+00    nan                                nan                 nan                       nan                      nan                      nan 
1.743329e-03    2.395027e-03    nan            1.000000e+04         1.000000e+05         nan                 1.133635e+01         4.000000e+04         nan                 nan                                                    0.000000e+00    nan                                nan                 nan                       nan                      nan                      nan 
2.395027e-03    3.290345e-03    2.833405e-03   4.000000e+00         1.000000e+01         6.690993e+00        1.133635e+01         4.000000e+04         3.541119e+03        1.864985e+00                                           6.780071e+04    2.603857e+02                       9164.46             0.0344368                 0.176698                 0.0560619                9.616000e+03 
2.395027e-03    3.290345e-03    2.856413e-03   1.000000e+01         1.000000e+02         2.594615e+01        1.133635e+01         4.000000e+04         8.159811e+03        2.644629e+00                                           1.192657e+05    3.453487e+02                       12146.8             0.00628899                0.126853                 0.0288246                7.343000e+03 
2.395027e-03    3.290345e-03    2.930041e-03   1.000000e+02         1.000000e+03         1.286262e+02        1.133635e+01         4.000000e+04         2.730666e+04        3.039205e+00                                           1.219767e+03    3.492516e+01                       1703.16             0.325926                  0.87037                  1.01111                  3.670000e+02 
2.395027e-03    3.290345e-03    nan            1.000000e+03         1.000000e+04         nan                 1.133635e+01         4.000000e+04         nan                 nan                                                    0.000000e+00    nan                                nan                 nan                       nan                      nan                      nan 
2.395027e-03    3.290345e-03    nan            1.000000e+04         1.000000e+05         nan                 1.133635e+01         4.000000e+04         nan                 nan                                                    0.000000e+00    nan                                nan                 nan                       nan                      nan                      nan 
3.290345e-03    4.520354e-03    3.908302e-03   4.000000e+00         1.000000e+01         6.775721e+00        1.133635e+01         4.000000e+04         2.906124e+03        1.278860e+00                                           9.759134e+04    3.123961e+02                       6991.43             0.0372026                 0.110547                 0.0634084                9.715000e+03 
3.290345e-03    4.520354e-03    3.920815e-03   1.000000e+01         1.000000e+02         2.847315e+01        1.133635e+01         4.000000e+04         6.950444e+03        1.848382e+00                                           2.042444e+05    4.519340e+02                       14229.4             0.00767524                0.101331                 0.0373706                8.062000e+03 
3.290345e-03    4.520354e-03    4.007330e-03   1.000000e+02         1.000000e+03         1.313152e+02        1.133635e+01         4.000000e+04         2.240944e+04        2.113808e+00                                           5.798764e+03    7.614962e+01                       972.783             0.0574766                 0.0682243                0.0976636                7.510000e+02 
3.290345e-03    4.520354e-03    nan            1.000000e+03         1.000000e+04         nan                 1.133635e+01         4.000000e+04         nan                 nan                                                    0.000000e+00    nan                                nan                 nan                       nan                      nan                      nan 
3.290345e-03    4.520354e-03    nan            1.000000e+04         1.000000e+05         nan                 1.133635e+01         4.000000e+04         nan                 nan                                                    0.000000e+00    nan                                nan                 nan                       nan                      nan                      nan 
4.520354e-03    6.210169e-03    5.357765e-03   4.000000e+00         1.000000e+01         6.861996e+00        1.133635e+01         4.000000e+04         2.593885e+03        8.766300e-01                                           1.162781e+05    3.409958e+02                       8060.3              0.0369826                 0.0911615                0.051215                 9.799000e+03 
4.520354e-03    6.210169e-03    5.387426e-03   1.000000e+01         1.000000e+02         3.140836e+01        1.133635e+01         4.000000e+04         5.993761e+03        1.267300e+00                                           3.109956e+05    5.576698e+02                       16803.8             0.00652195                0.0876321                0.0336856                8.549000e+03 
4.520354e-03    6.210169e-03    5.509924e-03   1.000000e+02         1.000000e+03         1.422167e+02        1.133635e+01         4.000000e+04         1.850385e+04        1.403472e+00                                           2.035853e+04    1.426833e+02                       2394.74             0.0201923                 0.0349359                0.0969551                1.276000e+03 
4.520354e-03    6.210169e-03    nan            1.000000e+03         1.000000e+04         nan                 1.133635e+01         4.000000e+04         nan                 nan                                                    0.000000e+00    nan                                nan                 nan                       nan                      nan                      nan 
4.520354e-03    6.210169e-03    nan            1.000000e+04         1.000000e+05         nan                 1.133635e+01         4.000000e+04         nan                 nan                                                    0.000000e+00    nan                                nan                 nan                       nan                      nan                      nan 
6.210169e-03    8.531679e-03    7.335480e-03   4.000000e+00         1.000000e+01         6.875757e+00        1.133635e+01         4.000000e+04         2.105210e+03        5.743043e-01                                           1.332597e+05    3.650475e+02                       10635.5             0.0184597                 0.0911137                0.0334597                9.856000e+03 
6.210169e-03    8.531679e-03    7.386904e-03   1.000000e+01         1.000000e+02         3.384912e+01        1.133635e+01         4.000000e+04         5.108163e+03        8.463895e-01                                           4.382178e+05    6.619802e+02                       16005.4             0.00377358                0.0762382                0.030169                 8.959000e+03 
6.210169e-03    8.531679e-03    7.463562e-03   1.000000e+02         1.000000e+03         1.540351e+02        1.133635e+01         4.000000e+04         1.537341e+04        9.213657e-01                                           4.785501e+04    2.187579e+02                       3857.39             0.0108247                 0.0277062                0.0382088                2.038000e+03 
6.210169e-03    8.531679e-03    nan            1.000000e+03         1.000000e+04         nan                 1.133635e+01         4.000000e+04         nan                 nan                                                    0.000000e+00    nan                                nan                 nan                       nan                      nan                      nan 
6.210169e-03    8.531679e-03    nan            1.000000e+04         1.000000e+05         nan                 1.133635e+01         4.000000e+04         nan                 nan                                                    0.000000e+00    nan                                nan                 nan                       nan                      nan                      nan 
8.531679e-03    1.172102e-02    1.006680e-02   4.000000e+00         1.000000e+01         6.904887e+00        1.133635e+01         4.000000e+04         1.951513e+03        3.735710e-01                                           1.398273e+05    3.739349e+02                       10296.8             0.0254645                 0.0848743                0.0165902                9.874000e+03 
8.531679e-03    1.172102e-02    1.010722e-02   1.000000e+01         1.000000e+02         3.653013e+01        1.133635e+01         4.000000e+04         4.341554e+03        5.513683e-01                                           6.224586e+05    7.889605e+02                       10285.9             0.00357058                0.0536206                0.0322876                9.299000e+03 
8.531679e-03    1.172102e-02    1.024115e-02   1.000000e+02         1.000000e+03         1.700264e+02        1.133635e+01         4.000000e+04         1.295884e+04        5.840833e-01                                           1.022233e+05    3.197238e+02                       5324.13             0.0048913                 0.0290761                0.0264191                3.171000e+03 
8.531679e-03    1.172102e-02    nan            1.000000e+03         1.000000e+04         nan                 1.133635e+01         4.000000e+04         nan                 nan                                                    0.000000e+00    nan                                nan                 nan                       nan                      nan                      nan 
8.531679e-03    1.172102e-02    nan            1.000000e+04         1.000000e+05         nan                 1.133635e+01         4.000000e+04         nan                 nan                                                    0.000000e+00    nan                                nan                 nan                       nan                      nan                      nan 
1.172102e-02    1.610262e-02    1.377158e-02   4.000000e+00         1.000000e+01         6.962489e+00        1.133635e+01         4.000000e+04         1.699938e+03        2.533051e-01                                           1.422380e+05    3.771445e+02                       4291.41             0.0224502                 0.0294596                0.021536                 9.908000e+03 
1.172102e-02    1.610262e-02    1.384305e-02   1.000000e+01         1.000000e+02         3.933380e+01        1.133635e+01         4.000000e+04         3.739172e+03        3.776141e-01                                           8.010126e+05    8.949931e+02                       5676.87             0.00213691                0.0423889                0.0323584                9.498000e+03 
1.172102e-02    1.610262e-02    1.401409e-02   1.000000e+02         1.000000e+03         1.863057e+02        1.133635e+01         4.000000e+04         1.097268e+04        3.803433e-01                                           1.998526e+05    4.470488e+02                       6671.22             0.00460859                0.0272412                0.020202                 4.715000e+03 
1.172102e-02    1.610262e-02    nan            1.000000e+03         1.000000e+04         nan                 1.133635e+01         4.000000e+04         nan                 nan                                                    0.000000e+00    nan                                nan                 nan                       nan                      nan                      nan 
1.172102e-02    1.610262e-02    nan            1.000000e+04         1.000000e+05         nan                 1.133635e+01         4.000000e+04         nan                 nan                                                    0.000000e+00    nan                                nan                 nan                       nan                      nan                      nan 
1.610262e-02    2.212216e-02    1.891535e-02   4.000000e+00         1.000000e+01         6.963569e+00        1.133635e+01         4.000000e+04         1.551014e+03        1.656850e-01                                           1.432432e+05    3.784748e+02                       2082.19             0.0176289                 0.0153196                0.0308866                9.915000e+03 
1.610262e-02    2.212216e-02    1.901514e-02   1.000000e+01         1.000000e+02         4.187286e+01        1.133635e+01         4.000000e+04         3.213458e+03        2.503601e-01                                           9.770669e+05    9.884669e+02                       11093.2             0.00233498                0.0199192                0.0298038                9.579000e+03 
1.610262e-02    2.212216e-02    1.917157e-02   1.000000e+02         1.000000e+03         2.069483e+02        1.133635e+01         4.000000e+04         9.340064e+03        2.447790e-01                                           3.618814e+05    6.015658e+02                       5403.79             0.00556614                0.00846607               0.0127943                6.060000e+03 
1.610262e-02    2.212216e-02    1.993151e-02   1.000000e+03         1.000000e+04         1.181991e+03        1.133635e+01         4.000000e+04         3.468256e+04        1.742459e-01                                           4.520064e+02    2.126044e+01                       293.804             0.278571                  0.192857                 0.792857                 7.700000e+01 
1.610262e-02    2.212216e-02    nan            1.000000e+04         1.000000e+05         nan                 1.133635e+01         4.000000e+04         nan                 nan                                                    0.000000e+00    nan                                nan                 nan                       nan                      nan                      nan 
2.212216e-02    3.039195e-02    2.575645e-02   4.000000e+00         1.000000e+01         7.391359e+00        1.133635e+01         4.000000e+04         1.392858e+03        1.076769e-01                                           1.324745e+05    3.639705e+02                       12160.7             0.0123291                 0.0274406                0.101487                 8.442000e+03 
2.212216e-02    3.039195e-02    2.610827e-02   1.000000e+01         1.000000e+02         4.368858e+01        1.133635e+01         4.000000e+04         2.772930e+03        1.593389e-01                                           1.171913e+06    1.082549e+03                       42710.2             0.0032022                 0.00809004               0.0371159                9.710000e+03 
2.212216e-02    3.039195e-02    2.636719e-02   1.000000e+02         1.000000e+03         2.292131e+02        1.133635e+01         4.000000e+04         7.872208e+03        1.499388e-01                                           5.543479e+05    7.445454e+02                       27025.2             0.00476818                0.025764                 0.028667                 7.166000e+03 
2.212216e-02    3.039195e-02    2.700591e-02   1.000000e+03         1.000000e+04         1.244245e+03        1.133635e+01         4.000000e+04         2.974454e+04        1.102732e-01                                           2.798101e+03    5.289708e+01                       798.625             0.0645833                 0.075                    0.397917                 2.510000e+02 
2.212216e-02    3.039195e-02    nan            1.000000e+04         1.000000e+05         nan                 1.133635e+01         4.000000e+04         nan                 nan                                                    0.000000e+00    nan                                nan                 nan                       nan                      nan                      nan 
3.039195e-02    4.175319e-02    3.514319e-02   4.000000e+00         1.000000e+01         8.282672e+00        1.133635e+01         4.000000e+04         1.310561e+03        6.883284e-02                                           7.827452e+04    2.797758e+02                       12759.5             0.00459863                0.029165                 0.169463                 5.320000e+03 
3.039195e-02    4.175319e-02    3.586754e-02   1.000000e+01         1.000000e+02         4.569679e+01        1.133635e+01         4.000000e+04         2.394783e+03        9.742113e-02                                           1.115998e+06    1.056408e+03                       37038.0             0.00180078                0.0124521                0.0208301                9.783000e+03 
3.039195e-02    4.175319e-02    3.620775e-02   1.000000e+02         1.000000e+03         2.520857e+02        1.133635e+01         4.000000e+04         6.657628e+03        8.904067e-02                                           8.568468e+05    9.256602e+02                       39972.1             0.00291315                0.0169318                0.0278706                7.877000e+03 
3.039195e-02    4.175319e-02    3.712479e-02   1.000000e+03         1.000000e+04         1.264419e+03        1.133635e+01         4.000000e+04         2.353163e+04        6.538894e-02                                           1.082145e+04    1.040262e+02                       2445.59             0.0183024                 0.0774536                0.291247                 5.720000e+02 
3.039195e-02    4.175319e-02    nan            1.000000e+04         1.000000e+05         nan                 1.133635e+01         4.000000e+04         nan                 nan                                                    0.000000e+00    nan                                nan                 nan                       nan                      nan                      nan 
4.175319e-02    5.736153e-02    4.539348e-02   4.000000e+00         1.000000e+01         9.268348e+00        1.133635e+01         4.000000e+04         1.321482e+03        4.671099e-02                                           1.556119e+04    1.247445e+02                       5229.62             0.0280186                 0.0428793                0.34257                  1.323000e+03 
4.175319e-02    5.736153e-02    4.918041e-02   1.000000e+01         1.000000e+02         4.744735e+01        1.133635e+01         4.000000e+04         2.089540e+03        5.704039e-02                                           1.195733e+06    1.093496e+03                       57598.2             0.00231855                0.0267057                0.0195131                9.840000e+03 
4.175319e-02    5.736153e-02    4.956685e-02   1.000000e+02         1.000000e+03         2.764398e+02        1.133635e+01         4.000000e+04         5.719480e+03        5.136259e-02                                           1.080878e+06    1.039653e+03                       77245.8             0.000979489               0.0305853                0.0365097                8.509000e+03 
4.175319e-02    5.736153e-02    5.063014e-02   1.000000e+03         1.000000e+04         1.339445e+03        1.133635e+01         4.000000e+04         1.867317e+04        3.679428e-02                                           3.172907e+04    1.781266e+02                       3513.07             0.0105405                 0.031982                 0.178829                 1.142000e+03 
4.175319e-02    5.736153e-02    nan            1.000000e+04         1.000000e+05         nan                 1.133635e+01         4.000000e+04         nan                 nan                                                    0.000000e+00    nan                                nan                 nan                       nan                      nan                      nan 
5.736153e-02    7.880463e-02    nan            4.000000e+00         1.000000e+01         nan                 1.133635e+01         4.000000e+04         nan                 nan                                                    0.000000e+00    nan                                nan                 nan                       nan                      nan                      nan 
5.736153e-02    7.880463e-02    6.720611e-02   1.000000e+01         1.000000e+02         5.000280e+01        1.133635e+01         4.000000e+04         1.854019e+03        3.291080e-02                                           1.118576e+06    1.057628e+03                       74166.6             0.00308158                0.0417165                0.0265828                9.566000e+03 
5.736153e-02    7.880463e-02    6.784885e-02   1.000000e+02         1.000000e+03         2.999622e+02        1.133635e+01         4.000000e+04         4.843715e+03        2.874067e-02                                           1.398625e+06    1.182635e+03                       93672.3             0.00330044                0.0320302                0.0276401                8.875000e+03 
5.736153e-02    7.880463e-02    6.852804e-02   1.000000e+03         1.000000e+04         1.424513e+03        1.133635e+01         4.000000e+04         1.539052e+04        2.022903e-02                                           7.527276e+04    2.743588e+02                       1000.62             0.00398047                0.0552385                0.0522343                1.831000e+03 
5.736153e-02    7.880463e-02    nan            1.000000e+04         1.000000e+05         nan                 1.133635e+01         4.000000e+04         nan                 nan                                                    0.000000e+00    nan                                nan                 nan                       nan                      nan                      nan 
7.880463e-02    1.082637e-01    nan            4.000000e+00         1.000000e+01         nan                 1.133635e+01         4.000000e+04         nan                 nan                                                    0.000000e+00    nan                                nan                 nan                       nan                      nan                      nan 
7.880463e-02    1.082637e-01    9.217057e-02   1.000000e+01         1.000000e+02         5.423339e+01        1.133635e+01         4.000000e+04         1.682308e+03        2.012406e-02                                           1.121278e+06    1.058904e+03                       1.14343e+05         0.00150255                0.0794807                0.027857                 9.054000e+03 
7.880463e-02    1.082637e-01    9.291722e-02   1.000000e+02         1.000000e+03         3.248027e+02        1.133635e+01         4.000000e+04         4.141359e+03        1.751773e-02                                           1.608085e+06    1.268103e+03                       1.60138e+05         0.00100002                0.0625028                0.0360076                9.184000e+03 
7.880463e-02    1.082637e-01    9.389672e-02   1.000000e+03         1.000000e+04         1.564691e+03        1.133635e+01         4.000000e+04         1.298326e+04        1.179108e-02                                           1.428882e+05    3.780056e+02                       3798.26             0.00459492                0.0599154                0.0409512                2.931000e+03 
7.880463e-02    1.082637e-01    nan            1.000000e+04         1.000000e+05         nan                 1.133635e+01         4.000000e+04         nan                 nan                                                    0.000000e+00    nan                                nan                 nan                       nan                      nan                      nan 
1.082637e-01    1.487352e-01    nan            4.000000e+00         1.000000e+01         nan                 1.133635e+01         4.000000e+04         nan                 nan                                                    0.000000e+00    nan                                nan                 nan                       nan                      nan                      nan 
1.082637e-01    1.487352e-01    1.264004e-01   1.000000e+01         1.000000e+02         5.837887e+01        1.133635e+01         4.000000e+04         1.558288e+03        1.171772e-02                                           8.968210e+05    9.470063e+02                       1.38864e+05         0.00275835                0.132549                 0.044218                 8.332000e+03 
1.082637e-01    1.487352e-01    1.275414e-01   1.000000e+02         1.000000e+03         3.483865e+02        1.133635e+01         4.000000e+04         3.510709e+03        1.000395e-02                                           1.946239e+06    1.395077e+03                       2.70587e+05         0.00132029                0.104114                 0.0439222                9.412000e+03 
1.082637e-01    1.487352e-01    1.288047e-01   1.000000e+03         1.000000e+04         1.690596e+03        1.133635e+01         4.000000e+04         1.064897e+04        6.485637e-03                                           2.601024e+05    5.100024e+02                       17801.5             0.0025717                 0.0856127                0.00713439               4.220000e+03 
1.082637e-01    1.487352e-01    nan            1.000000e+04         1.000000e+05         nan                 1.133635e+01         4.000000e+04         nan                 nan                                                    0.000000e+00    nan                                nan                 nan                       nan                      nan                      nan 
1.487352e-01    2.043360e-01    nan            4.000000e+00         1.000000e+01         nan                 1.133635e+01         4.000000e+04         nan                 nan                                                    0.000000e+00    nan                                nan                 nan                       nan                      nan                      nan 
1.487352e-01    2.043360e-01    1.735331e-01   1.000000e+01         1.000000e+02         6.386360e+01        1.133635e+01         4.000000e+04         1.444492e+03        6.395034e-03                                           6.225504e+05    7.890186e+02                       1.14585e+05         0.00160912                0.163833                 0.0503903                7.445000e+03 
1.487352e-01    2.043360e-01    1.751183e-01   1.000000e+02         1.000000e+03         3.697457e+02        1.133635e+01         4.000000e+04         3.018453e+03        5.323887e-03                                           1.982166e+06    1.407894e+03                       3.05951e+05         0.00111534                0.124502                 0.0424761                9.560000e+03 
1.487352e-01    2.043360e-01    1.765041e-01   1.000000e+03         1.000000e+04         1.833696e+03        1.133635e+01         4.000000e+04         8.912744e+03        3.277826e-03                                           4.018486e+05    6.339153e+02                       40997.1             0.00290058                0.0892769                0.00953164               5.804000e+03 
1.487352e-01    2.043360e-01    1.999368e-01   1.000000e+04         1.000000e+05         1.056592e+04        1.133635e+01         4.000000e+04         3.414427e+04        6.515659e-04                                           5.800141e+01    7.615866e+00                       39.151              0.175                     0.35                     0.525                    5.000000e+01 
2.043360e-01    2.807216e-01    nan            4.000000e+00         1.000000e+01         nan                 1.133635e+01         4.000000e+04         nan                 nan                                                    0.000000e+00    nan                                nan                 nan                       nan                      nan                      nan 
2.043360e-01    2.807216e-01    2.370361e-01   1.000000e+01         1.000000e+02         7.077220e+01        1.133635e+01         4.000000e+04         1.370059e+03        3.173025e-03                                           3.521236e+05    5.934000e+02                       67656.7             0.000969716               0.167006                 0.0456641                6.027000e+03 
2.043360e-01    2.807216e-01    2.398973e-01   1.000000e+02         1.000000e+03         3.903666e+02        1.133635e+01         4.000000e+04         2.653336e+03        2.532974e-03                                           1.602787e+06    1.266012e+03                       2.27676e+05         0.00115315                0.1216                   0.0238616                9.670000e+03 
2.043360e-01    2.807216e-01    2.417104e-01   1.000000e+03         1.000000e+04         1.952644e+03        1.133635e+01         4.000000e+04         7.465566e+03        1.470385e-03                                           4.660260e+05    6.826610e+02                       54153.0             0.00201165                0.0862503                0.0419466                6.954000e+03 
2.043360e-01    2.807216e-01    2.409413e-01   1.000000e+04         1.000000e+05         1.227849e+04        1.133635e+01         4.000000e+04         3.138167e+04        3.727735e-04                                           4.432313e+02    2.105306e+01                       47.7326             0.0269231                 0.296154                 0.226923                 1.760000e+02 
2.807216e-01    3.856620e-01    nan            4.000000e+00         1.000000e+01         nan                 1.133635e+01         4.000000e+04         nan                 nan                                                    0.000000e+00    nan                                nan                 nan                       nan                      nan                      nan 
2.807216e-01    3.856620e-01    3.217020e-01   1.000000e+01         1.000000e+02         7.916938e+01        1.133635e+01         4.000000e+04         1.333141e+03        1.314476e-03                                           1.415958e+05    3.762922e+02                       24464.6             0.00568056                0.122132                 0.0238104                4.096000e+03 
2.807216e-01    3.856620e-01    3.269974e-01   1.000000e+02         1.000000e+03         4.045394e+02        1.133635e+01         4.000000e+04         2.388858e+03        1.008220e-03                                           1.275725e+06    1.129480e+03                       96163.1             0.00115069                0.0758956                0.0159869                9.750000e+03 
2.807216e-01    3.856620e-01    3.298124e-01   1.000000e+03         1.000000e+04         2.112436e+03        1.133635e+01         4.000000e+04         6.290426e+03        5.342321e-04                                           4.550375e+05    6.745647e+02                       31252.7             0.00360546                0.0179349                0.0344901                7.681000e+03 
2.807216e-01    3.856620e-01    3.365188e-01   1.000000e+04         1.000000e+05         1.194819e+04        1.133635e+01         4.000000e+04         2.387603e+04        1.372153e-04                                           1.228992e+03    3.505698e+01                       522.321             0.0384615                 0.115385                 0.253846                 4.850000e+02 
3.856620e-01    5.298317e-01    nan            4.000000e+00         1.000000e+01         nan                 1.133635e+01         4.000000e+04         nan                 nan                                                    0.000000e+00    nan                                nan                 nan                       nan                      nan                      nan 
3.856620e-01    5.298317e-01    4.252083e-01   1.000000e+01         1.000000e+02         8.991508e+01        1.133635e+01         4.000000e+04         1.337957e+03        6.614263e-04                                           3.143931e+04    1.773113e+02                       6427.65             0.00811232                0.120047                 0.0801872                1.586000e+03 
3.856620e-01    5.298317e-01    4.430968e-01   1.000000e+02         1.000000e+03         4.169435e+02        1.133635e+01         4.000000e+04         2.166535e+03        4.238620e-04                                           7.576269e+05    8.704176e+02                       17309.3             0.00114088                0.0231184                0.0405491                9.791000e+03 
3.856620e-01    5.298317e-01    4.456040e-01   1.000000e+03         1.000000e+04         2.237047e+03        1.133635e+01         4.000000e+04         5.452202e+03        2.084599e-04                                           3.113468e+05    5.579846e+02                       3742.47             0.00100403                0.0654499                0.0698039                8.253000e+03 
3.856620e-01    5.298317e-01    4.556176e-01   1.000000e+04         1.000000e+05         1.293123e+04        1.133635e+01         4.000000e+04         2.036935e+04        4.552121e-05                                           2.305577e+03    4.801642e+01                       1117.07             0.0366197                 0.290141                 0.123944                 9.110000e+02 
5.298317e-01    7.278954e-01    nan            4.000000e+00         1.000000e+01         nan                 1.133635e+01         4.000000e+04         nan                 nan                                                    0.000000e+00    nan                                nan                 nan                       nan                      nan                      nan 
5.298317e-01    7.278954e-01    nan            1.000000e+01         1.000000e+02         nan                 1.133635e+01         4.000000e+04         nan                 nan                                                    0.000000e+00    nan                                nan                 nan                       nan                      nan                      nan 
5.298317e-01    7.278954e-01    5.952671e-01   1.000000e+02         1.000000e+03         4.280293e+02        1.133635e+01         4.000000e+04         2.008560e+03        1.012171e-04                                           2.261202e+05    4.755210e+02                       1.6864e+05          0.00181293                0.558132                 0.351077                 9.607000e+03 
5.298317e-01    7.278954e-01    5.991446e-01   1.000000e+03         1.000000e+04         2.377917e+03        1.133635e+01         4.000000e+04         4.860062e+03        4.390634e-05                                           1.327314e+05    3.643232e+02                       93221.9             0.00311284                0.7634                   0.0180447                8.754000e+03 
5.298317e-01    7.278954e-01    6.258065e-01   1.000000e+04         1.000000e+05         1.376063e+04        1.133635e+01         4.000000e+04         1.677339e+04        7.902149e-06                                           1.360924e+03    3.689070e+01                       1489.16             0.025                     0.936538                 0.0673077                1.577000e+03 
7.278954e-01    1.000000e+00    nan            4.000000e+00         1.000000e+01         nan                 1.133635e+01         4.000000e+04         nan                 nan                                                    0.000000e+00    nan                                nan                 nan                       nan                      nan                      nan 
7.278954e-01    1.000000e+00    nan            1.000000e+01         1.000000e+02         nan                 1.133635e+01         4.000000e+04         nan                 nan                                                    0.000000e+00    nan                                nan                 nan                       nan                      nan                      nan 
7.278954e-01    1.000000e+00    7.852670e-01   1.000000e+02         1.000000e+03         4.610471e+02        1.133635e+01         4.000000e+04         1.940673e+03        1.160210e-05                                           2.282852e+04    1.510911e+02                       1.45188e+05         0.00913838                4.64282                  2.56658                  8.932000e+03 
7.278954e-01    1.000000e+00    7.913711e-01   1.000000e+03         1.000000e+04         2.625756e+03        1.133635e+01         4.000000e+04         4.365042e+03        4.698330e-06                                           1.603681e+04    1.266365e+02                       92412.1             0.0123077                 5.47519                  0.876154                 8.961000e+03 
7.278954e-01    1.000000e+00    7.964284e-01   1.000000e+04         1.000000e+05         1.456699e+04        1.133635e+01         4.000000e+04         1.439866e+04        9.994583e-07                                           3.277158e+02    1.810292e+01                       2038.39             0.01                      6.25                     0.19                     2.466000e+03 
