0  0  0.021124323076764102
0  1  0.066905283796035
0  2  0.26429790533318
0  3  0.07039263919104659
0  4  0.430134630400424
0  5  0.14934295560641309
0  6  1.00883786451827
0  7  0.388923587950575
0  8  2.6038172577941
0  9  0.688841085482947
0  10  2.88768010035354
0  11  0.399670848005216
0  12  2.5353021487189
0  13  1.4307922170733
0  14  6.677503964677101
0  15  2.9071085152294
0  16  6.890289079547401
0  17  6.94756595859356
0  18  0.21679119258566332
0  19  1.9932542851168997
0  20  4.3780983987688
0  21  1.0642510445558495
0  22  9.3570655287827
0  23  15.6460531739
0  24  2.73535511858868
0  25  7.846023921824301
0  26  38.725139929141996
0  27  2.9226977145389004
0  28  1.1486125996875598
0  29  11.8362955367494
0  30  5.5770081081919995
0  31  31.0916212946442
0  32  4.5673766832256
0  33  61.576362923215996
0  34  16.888082309943997
0  35  12.058417381102
0  36  8.2351517158812
0  37  0.265191360890858
0  38  16.662295030022797
0  39  10.282027410037399
0  40  1.5325925465956038
0  41  31.709359923688197
0  42  58.41566389349801
0  43  3.16002258367428
0  44  6.1611648542401
0  45  25.293465373525702
0  46  1.2803059926753
0  47  1.18074644410494
0  48  10.5033373665594
0  49  2.821899350014996
0  50  33.398321923918196
0  51  1.480828220515314
0  52  19.81192874286646
0  53  7.587734748628677
1  0  0.066905283796035
1  1  0.25227291411754
1  2  0.9439813002092
1  3  0.19969466790919202
1  4  1.40946421295798
1  5  0.46035390610993104
1  6  3.3949792394433
1  7  1.17466665655981
1  8  9.527166942399
1  9  2.2476530360806697
1  10  9.9027275043644
1  11  2.03333396129492
1  12  9.672605507098
1  13  6.661303346773
1  14  25.925398780401
1  15  13.575590987669
1  16  26.216252770574002
1  17  23.4188774325046
1  18  0.6060542495487731
1  19  9.071125209727999
1  20  31.783615061337002
1  21  3.049981583367097
1  22  32.718606345893
1  23  60.714910848
1  24  8.1454111847654
1  25  26.733735927327004
1  26  145.43372591095
1  27  11.18773371815
1  28  4.1570471012871995
1  29  76.730400775181
1  30  22.105423098513
1  31  107.258460135534
1  32  19.872629937242
1  33  235.89443178891997
1  34  77.88901229435
1  35  51.202776472340005
1  36  44.675770857828
1  37  0.73025481393572
1  38  55.732156463456
1  39  42.875162753870995
1  40  4.343360241368206
1  41  123.671349034884
1  42  245.88056398925
1  43  10.1246616695794
1  44  21.732921202991
1  45  77.289481252233
1  46  4.7878700427047995
1  47  6.4987914372476
1  48  65.021158204738
1  49  10.039071456855321
1  50  132.73238316427398
1  51  11.030662606882778
1  52  71.8625966734632
1  53  23.453975484560324
2  0  0.26429790533318
2  1  0.9439813002092
2  2  3.5961583848809995
2  3  0.81067222564777
2  4  5.402638293792299
2  5  1.82133594299778
2  6  13.216231322765
2  7  4.6523788128324
2  8  36.242705585
2  9  8.8588922067066
2  10  38.262495344171995
2  11  6.7593299632487
2  12  35.77225668561
2  13  22.84490985325
2  14  96.89131143658
2  15  48.71529682062
2  16  98.72810972262
2  17  91.550304908928
2  18  2.47284933557614
2  19  31.13379974219
2  20  100.45984683462
2  21  12.33798639653336
2  22  124.9491347737
2  23  223.83778499570002
2  24  32.458049105403
2  25  102.69708454574999
2  26  540.757538512
2  27  41.27075606378
2  28  15.492247244226999
2  29  248.89932322756
2  30  80.71584835981
2  31  404.71391672258994
2  32  69.47196466757
2  33  862.7138749352
2  34  268.59168053179997
2  35  184.93087012540002
2  36  150.62016870178002
2  37  2.997081742236
2  38  211.90614845215995
2  39  150.33415795321
2  40  17.603989074710356
2  41  446.49538946239
2  42  863.9728029675
2  43  39.109472220857995
2  44  80.95813282943
2  45  308.4031220085
2  46  17.645544697231
2  47  21.479908535026
2  48  206.42894196307998
2  49  37.1854537858632
2  50  473.79024279008996
2  51  33.0182910873853
2  52  264.651569924207
2  53  91.71611706223021
3  0  0.07039263919104659
3  1  0.19969466790919202
3  2  0.81067222564777
3  3  0.2592835723145521
3  4  1.544844377966419
3  5  0.523220517730967
3  6  3.15967668498721
3  7  1.412213509999336
3  8  7.572156250724801
3  9  2.1695419034861096
3  10  9.014122778405
3  11  1.254848155540551
3  12  7.9002376897973
3  13  4.4701124444552995
3  14  18.567383582547
3  15  6.133965168315001
3  16  19.244852901443004
3  17  21.1609470724368
3  18  0.803822659901785
3  19  6.5330361257486995
3  20  6.618033929131
3  21  3.902359459979434
3  22  29.7853809129326
3  23  47.671876431061
3  24  9.93932234577851
3  25  25.670014594097903
3  26  121.369064964784
3  27  9.173995662574201
3  28  3.8667746089717094
3  29  20.976796876858
3  30  17.1241902579285
3  31  108.63107418624269
3  32  14.7623635123541
3  33  202.907372628296
3  34  51.989544484862
3  35  33.208855395982
3  36  18.931134104197
3  37  0.987599636146144
3  38  59.696021840004796
3  39  35.8150340843145
3  40  5.693554453221382
3  41  108.0063284041447
3  42  197.076240598011
3  43  11.444799268899459
3  44  21.9285915515195
3  45  86.6970538189886
3  46  4.26303725754295
3  47  3.1450346131617
3  48  28.8176406050124
3  49  10.154598627745656
3  50  116.3910594634217
3  51  4.351520055843508
3  52  70.59765188277831
3  53  27.871581399001325
4  0  0.430134630400424
4  1  1.40946421295798
4  2  5.402638293792299
4  3  1.544844377966419
4  4  10.511992377097409
4  5  3.2500820924777996
4  6  19.7095015659389
4  7  8.87285323687134
4  8  50.017616850482
4  9  13.026463201336798
4  10  57.569045205288
4  11  13.50693130076489
4  12  58.418963647916996
4  13  43.001061960217
4  14  130.1179016068
4  15  51.58911939603
4  16  130.91317699695003
4  17  128.716147618524
4  18  4.74896311853416
4  19  61.932402583883
4  20  138.85117504965
4  21  23.393068966198552
4  22  198.79041967638398
4  23  355.66645071058997
4  24  61.5345651181629
4  25  169.429892756811
4  26  881.87149375036
4  27  68.466731675828
4  28  28.138301108806896
4  29  337.5375276634
4  30  132.202603695115
4  31  766.881094279353
4  32  131.861292359099
4  33  1561.94707349144
4  34  492.03472383457995
4  35  267.11269185597996
4  36  216.33624387367
4  37  5.770767186129959
4  38  414.72290406207196
4  39  313.16404911323497
4  40  34.19133930512559
4  41  865.4778836215329
4  42  1719.63011007369
4  43  76.50442554131338
4  44  160.826323576175
4  45  521.373971114124
4  46  32.0558775971005
4  47  37.060930014061
4  48  399.280983216536
4  49  75.72019139725583
4  50  964.1615570421629
4  51  75.1545463045275
4  52  534.4476033239908
4  53  181.43825062237914
5  0  0.14934295560641309
5  1  0.46035390610993104
5  2  1.82133594299778
5  3  0.523220517730967
5  4  3.2500820924777996
5  5  1.089294154118151
5  6  6.92910880954229
5  7  2.901985342899421
5  8  17.4143762580047
5  9  4.7073007831688525
5  10  19.899316802870658
5  11  3.1747516714881403
5  12  18.0521342141121
5  13  10.9484019338639
5  14  44.205295794732905
5  15  17.5089014455696
5  16  45.42226003518861
5  17  46.77554138787704
5  18  1.6144130137953128
5  19  15.617151561129699
5  20  29.133224064149
5  21  7.900912805007838
5  22  65.8005741320969
5  23  110.287162703144
5  24  20.34973741124228
5  25  55.8637059718681
5  26  275.43737136934
5  27  20.940978496398102
5  28  8.504034816507598
5  29  78.069738977652
5  30  39.8103225840126
5  31  233.34254241928497
5  32  34.886898618128
5  33  456.85336065492004
5  34  127.52539852736598
5  35  82.01526432669
5  36  55.946890472606
5  37  1.974963742376586
5  38  126.36107471400197
5  39  81.558302901972
5  40  11.467061008495241
5  41  242.295418474511
5  42  454.43728196056003
5  43  23.889226169330076
5  44  47.184022098671896
5  45  180.9720706596799
5  46  9.49816240814006
5  47  8.7746823858127
5  48  83.86222983779899
5  49  21.8426893931695
5  50  260.977533892367
5  51  13.43926407067245
5  52  153.0811481899845
5  53  57.46424117996774
6  0  1.00883786451827
6  1  3.3949792394433
6  2  13.216231322765
6  3  3.15967668498721
6  4  19.7095015659389
6  5  6.92910880954229
6  6  49.83655882493
6  7  17.650946878278702
6  8  133.50799605785
6  9  33.8990561166413
6  10  142.97891254586602
6  11  20.078707336062102
6  12  126.14811674134
6  13  71.72861628632
6  14  349.70444503849
6  15  168.42391246646002
6  16  359.9097084851601
6  17  347.832309613984
6  18  9.68561745401327
6  19  97.46775312244
6  20  279.689929875
6  21  47.92252769694573
6  22  459.19714507425
6  23  787.3497144035
6  24  124.02710890640901
6  25  379.3387816818
6  26  1920.2651930144
6  27  144.93108497233
6  28  54.82329459946099
6  29  727.6456300020001
6  30  279.87924403561
6  31  1450.8058482638698
6  32  224.45877126451
6  33  2979.5604962496
6  34  852.1895649088
6  35  636.2554950432
6  36  468.3929694973
6  37  11.809025082395
6  38  765.21680233708
6  39  484.48155187914995
6  40  68.41821077795777
6  41  1508.46395788267
6  42  2802.8980035401
6  43  143.94397886313402
6  44  284.65268505214004
6  45  1187.93860946115
6  46  61.551237482251
6  47  63.89562537924
6  48  565.67728049934
6  49  129.5660620548236
6  50  1569.86980945697
6  51  78.5053659732329
6  52  915.719936432111
6  53  342.1833600442246
7  0  0.388923587950575
7  1  1.17466665655981
7  2  4.6523788128324
7  3  1.412213509999336
7  4  8.87285323687134
7  5  2.901985342899421
7  6  17.650946878278702
7  7  7.8542818354836506
7  8  43.426308832111005
7  9  11.942245642968768
7  10  50.824709740497404
7  11  8.958801106558461
7  12  47.282261786877
7  13  30.164419887289
7  14  109.31661250610101
7  15  39.708485317994004
7  16  111.92021610483403
7  17  117.25976590510362
7  18  4.362945041600904
7  19  43.682084878925
7  20  72.53637557524
7  21  21.307833433059827
7  22  170.711625131077
7  23  286.71219171382
7  24  54.963940031897806
7  25  146.275100527103
7  26  720.82277276054
7  27  55.101942823391006
7  28  22.9017849341946
7  29  192.83634107127
7  30  104.47579813421399
7  31  634.205351656572
7  32  95.98877448154599
7  33  1232.27124386736
7  34  348.27605255775995
7  35  207.43029887862
7  36  141.48606360484
7  37  5.33742280450038
7  38  345.82713936530797
7  39  229.83278339376
7  40  31.090635318885898
7  41  666.648266992132
7  42  1265.12821946216
7  43  65.2380420495368
7  44  129.984501456961
7  45  475.46495764060705
7  46  25.616486674284403
7  47  23.718637342391
7  48  237.536102972374
7  49  60.59170638934316
7  50  728.5071200222919
7  51  40.874435008032236
7  52  424.1804629102416
7  53  157.10290328588297
8  0  2.6038172577941
8  1  9.527166942399
8  2  36.242705585
8  3  7.572156250724801
8  4  50.017616850482
8  5  17.4143762580047
8  6  133.50799605785
8  7  43.426308832111005
8  8  373.45850385650004
8  9  89.849449282559
8  10  385.53800529338
8  11  61.764907346698
8  12  351.69516393670006
8  13  213.7776930251
8  14  1004.8083994807
8  15  530.5053308078001
8  16  1027.0674883238003
8  17  939.3518281781201
8  18  23.031831471046104
8  19  285.1821306247
8  20  1031.699038428
8  21  115.4575553846289
8  22  1238.7953633895
8  23  2218.8474467300002
8  24  303.68111877182
8  25  1007.0815525245001
8  26  5319.187543202001
8  27  403.75902647890007
8  28  147.07434538118
8  29  2569.2974705489996
8  30  792.6802609258
8  31  3783.9844862556
8  32  648.2986632838
8  33  8196.803810448
8  34  2538.737499904
8  35  1882.0814136660001
8  36  1533.4415781160003
8  37  27.889066841330003
8  38  1957.0980814804
8  39  1351.4379059560001
8  40  163.2339311089614
8  41  4135.586848459599
8  42  7915.428016208
8  43  361.36388217832
8  44  743.0379779827001
8  45  3002.7449985765
8  46  167.47383014428002
8  47  207.1113648261
8  48  1909.0908335442
8  49  337.831521314468
8  50  4302.764888363599
8  51  284.089090093952
8  52  2412.39034086968
8  53  843.8520093310481
9  0  0.688841085482947
9  1  2.2476530360806697
9  2  8.8588922067066
9  3  2.1695419034861096
9  4  13.026463201336798
9  5  4.7073007831688525
9  6  33.8990561166413
9  7  11.942245642968768
9  8  89.849449282559
9  9  23.252666379553006
9  10  96.7403385957322
9  11  11.451167397296999
9  12  82.265290938417
9  13  42.920946599223
9  14  232.79203428179298
9  15  109.987770351032
9  16  241.063911144862
9  17  237.99298986953679
9  18  6.665929159101559
9  19  58.01298709188899
9  20  153.78628584673
9  21  32.8506482556769
9  22  307.20413655159297
9  23  513.18583185968
9  24  84.26691420907959
9  25  254.19227845105698
9  26  1257.6880523385998
9  27  94.212813860517
9  28  35.676001463263994
9  29  417.9273964750399
9  30  180.585209672942
9  31  949.9009886460899
9  32  137.13657907387997
9  33  1909.6178300835998
9  34  514.6998437646199
9  35  410.4172144996999
9  36  281.83248232422
9  37  8.15214972361242
9  38  502.5366551596999
9  39  293.95540360123994
9  40  46.87190099949592
9  41  949.8302226749098
9  42  1713.2582635183999
9  43  95.61215281494557
9  44  183.752894804423
9  45  814.0739246459029
9  46  39.694134127510196
9  47  36.799336001358995
9  48  300.34083745750996
9  49  83.05778788307418
9  50  972.9586522648299
9  51  34.81073505771529
9  52  584.6113035880569
9  53  228.97987074829896
10  0  2.88768010035354
10  1  9.9027275043644
10  2  38.262495344171995
10  3  9.014122778405
10  4  57.569045205288
10  5  19.899316802870658
10  6  142.97891254586602
10  7  50.824709740497404
10  8  385.53800529338
10  9  96.7403385957322
10  10  411.562673492984
10  11  63.457180073698
10  12  371.30240908944
10  13  221.35173379106
10  14  1016.5730380764601
10  15  495.10274629654
10  16  1042.32435513164
10  17  994.166884878596
10  18  27.591204589553982
10  19  301.62702201627997
10  20  898.5645231562999
10  21  136.85964975567143
10  22  1331.0965905512599
10  23  2318.1061742996003
10  24  356.19242549499205
10  25  1098.56505607174
10  26  5637.756356881
10  27  427.39263132604003
10  28  161.59012548485998
10  29  2290.6023892178996
10  30  828.8995664591399
10  31  4261.1595453984
10  32  685.2169572824
10  33  8859.568544099999
10  34  2617.1209044793995
10  35  1884.3547944900001
10  36  1440.7869293072
10  37  33.574634790914395
10  38  2243.6127913664
10  39  1484.6336150498998
10  40  195.47401647932898
10  41  4530.5840480018
10  42  8555.128839049
10  43  419.187732771412
10  44  843.03663348806
10  45  3392.7277521124606
10  46  182.37162006868402
10  47  200.94166318023997
10  48  1846.5258877574001
10  49  385.278479473012
10  50  4756.4337988711995
10  51  274.508028560028
10  52  2729.31596926542
10  53  992.041224938828
11  0  0.399670848005216
11  1  2.03333396129492
11  2  6.7593299632487
11  3  1.254848155540551
11  4  13.50693130076489
11  5  3.1747516714881403
11  6  20.078707336062102
11  7  8.958801106558461
11  8  61.764907346698
11  9  11.451167397296999
11  10  63.457180073698
11  11  33.930817440086805
11  12  92.04155517022299
11  13  97.527339227773
11  14  187.05411981244004
11  15  104.59027144608001
11  16  175.65968851831002
11  17  120.41380938177
11  18  3.6988442328894604
11  19  137.87646494701698
11  20  499.26574594988
11  21  19.56046806581173
11  22  247.919606842976
11  23  571.53112082131
11  24  58.86727445923211
11  25  203.92706963407903
11  26  1341.57974926074
11  27  109.65033088650202
11  28  42.5138264610101
11  29  1103.5286525244899
11  30  225.399199015705
11  31  1080.5620145507369
11  32  274.91158647467097
11  33  2627.72817360576
11  34  1098.5405416357198
11  35  492.32644296942
11  36  580.24356989535
11  37  4.24643971135544
11  38  561.073845596688
11  39  632.1783212261049
11  40  28.716914470440365
11  41  1549.1513601948568
11  42  3471.3122021537097
11  43  93.65936096744659
11  44  245.081055839415
11  45  450.31571673373605
11  46  51.666347846686506
11  47  100.59304696324298
11  48  1193.0395313157442
11  49  119.02983888209135
11  50  1809.5610956476269
11  51  247.56908212844274
11  52  865.1431972934562
11  53  205.27833116279106
12  0  2.5353021487189
12  1  9.672605507098
12  2  35.77225668561
12  3  7.9002376897973
12  4  58.418963647916996
12  5  18.0521342141121
12  6  126.14811674134
12  7  47.282261786877
12  8  351.69516393670006
12  9  82.265290938417
12  10  371.30240908944
12  11  92.04155517022299
12  12  385.13402749470004
12  13  291.0607276898
12  14  962.9754531071001
12  15  490.1775920379
12  16  964.0520180484001
12  17  850.03979158326
12  18  23.9712025232783
12  19  403.5031856347
12  20  1337.2049259470998
12  21  120.6995644023877
12  22  1261.8503574178999
12  23  2401.017881905
12  24  325.70790233925004
12  25  1039.7646908766
12  26  5766.471905303
12  27  448.5894718516
12  28  170.87851040543
12  29  3163.0533154673
12  30  888.7326701186
12  31  4443.731853446099
12  32  861.6373895083
12  33  9801.056541748
12  34  3363.419522881
12  35  1995.0314167760002
12  36  1822.3430459534
12  37  28.797904720115998
12  38  2326.8918002223995
12  39  1917.0419322547998
12  40  173.4390010828114
12  41  5304.662592427099
12  42  10805.944290972
12  43  418.51278086819997
12  44  923.8804659046
12  45  2948.5843866279
12  46  198.21355863971002
12  47  282.11745297038
12  48  2978.6998109902
12  49  432.24080837134795
12  50  5830.5685385751
12  51  543.698577485687
12  52  3094.34977365523
12  53  966.4237568889181
13  0  1.4307922170733
13  1  6.661303346773
13  2  22.84490985325
13  3  4.4701124444552995
13  4  43.001061960217
13  5  10.9484019338639
13  6  71.72861628632
13  7  30.164419887289
13  8  213.7776930251
13  9  42.920946599223
13  10  221.35173379106
13  11  97.527339227773
13  12  291.0607276898
13  13  285.5135086934
13  14  627.6917521799
13  15  342.2123206116
13  16  601.1897452856001
13  17  448.69314778404004
13  18  13.305792674843701
13  19  401.9518950004
13  20  1434.6146371522
13  21  69.2156529468443
13  22  827.6386433527
13  23  1809.644872139
13  24  201.10449127301
13  25  680.8464072398001
13  26  4272.053049353999
13  27  344.71722860290004
13  28  132.95113063213
13  29  3211.6595437686
13  30  702.2344969894999
13  31  3397.0402932111
13  32  812.6637812342999
13  33  8071.504731528
13  34  3232.927735554
13  35  1545.932906796
13  36  1719.1840390698
13  37  15.519898161717999
13  38  1767.0218644043998
13  39  1855.1465928941
13  40  100.8570569630854
13  41  4664.7717046251
13  42  10243.640251311
13  43  300.72932443546
13  44  754.0226751144
13  45  1628.9796600737002
13  46  159.75550776675
13  47  291.17252318095996
13  48  3380.5057129642
13  49  362.975271141588
13  50  5376.7205914180995
13  51  686.713690444837
13  52  2629.37838596263
13  53  668.441698524438
14  0  6.677503964677101
14  1  25.925398780401
14  2  96.89131143658
14  3  18.567383582547
14  4  130.1179016068
14  5  44.205295794732905
14  6  349.70444503849
14  7  109.31661250610101
14  8  1004.8083994807
14  9  232.79203428179298
14  10  1016.5730380764601
14  11  187.05411981244004
14  12  962.9754531071001
14  13  627.6917521799
14  14  2752.7702416848997
14  15  1521.2446716626
14  16  2795.4970406166003
14  17  2460.39671532724
14  18  56.111979000558705
14  19  834.4616420947
14  20  3310.1729651719997
14  21  284.3592170621723
14  22  3291.1893579889
14  23  6104.455976044001
14  24  760.0293293326802
14  25  2652.7866989161002
14  26  14487.731215570002
14  27  1107.2622011791
14  28  396.6262163106
14  29  8043.333442300999
14  30  2197.9254564616
14  31  10036.504098135
14  32  1864.514935268
14  33  22548.13447672
14  34  7420.336005176
14  35  5308.17395009
14  36  4621.782305178001
14  37  67.496788422766
14  38  5132.841366302
14  39  3852.676770361
14  40  399.948106448781
14  41  11477.055771170999
14  42  22578.25791503
14  43  931.75499801148
14  44  1989.6071497139
14  45  7596.846557761901
14  46  456.90515029446
14  47  633.7762229960999
14  48  6079.326814899001
14  49  908.1487647887
14  50  12046.732527597
14  51  965.34092941995
14  52  6531.0303795665
14  53  2144.3829717861404
15  0  2.9071085152294
15  1  13.575590987669
15  2  48.71529682062
15  3  6.133965168315001
15  4  51.58911939603
15  5  17.5089014455696
15  6  168.42391246646002
15  7  39.708485317994004
15  8  530.5053308078001
15  9  109.987770351032
15  10  495.10274629654
15  11  104.59027144608001
15  12  490.1775920379
15  13  342.2123206116
15  14  1521.2446716626
15  15  967.7718514949001
15  16  1532.1927670684001
15  17  1216.8997319332602
15  18  17.909504738378804
15  19  437.15767022730006
15  20  2325.9144706315
15  21  96.06857096429522
15  22  1586.4052355406002
15  23  3180.9047729360004
15  24  272.19280085002003
15  25  1227.7111269944
15  26  7295.222621395
15  27  561.0331384659
15  28  183.2451836216
15  29  5495.7745435444995
15  30  1147.4638691279001
15  31  4305.231027504
15  32  970.125042569
15  33  10948.2933469
15  34  4069.220700449
15  35  3019.5568433000003
15  36  2943.6459796560002
15  37  20.896802797614
15  38  2074.720058114
15  39  1844.1326796695002
15  40  128.86824060986
15  41  5437.293560793
15  42  11190.738415805
15  43  357.50469457922003
15  44  842.7999785486
15  45  3103.5725926376003
15  46  217.11491581374003
15  47  387.7552494997
15  48  3771.857110004
15  49  380.55854340812004
15  50  5622.829730212
15  51  608.61115199468
15  52  2812.0594356217002
15  53  775.1276806955801
16  0  6.890289079547401
16  1  26.216252770574002
16  2  98.72810972262
16  3  19.244852901443004
16  4  130.91317699695003
16  5  45.42226003518861
16  6  359.9097084851601
16  7  111.92021610483403
16  8  1027.0674883238003
16  9  241.063911144862
16  10  1042.32435513164
16  11  175.65968851831002
16  12  964.0520180484001
16  13  601.1897452856001
16  14  2795.4970406166003
16  15  1532.1927670684001
16  16  2849.6244915944008
16  17  2543.159325064161
16  18  58.28029331100581
16  19  795.3914157688
16  20  3131.882036936
16  21  294.3074413059982
16  22  3347.7078470726
16  23  6112.3978128260005
16  24  780.7784472486202
16  25  2700.3553948624003
16  26  14540.17897276
16  27  1106.1896168974001
16  28  395.7304632879
16  29  7697.921318027999
16  30  2187.4695614454004
16  31  10041.578930865002
16  32  1800.001143137
16  33  22306.805731680004
16  34  7141.184486264
16  35  5294.55035976
16  36  4479.279082934
16  37  70.30091378624401
16  38  5141.628651908
16  39  3691.466867133
16  40  413.71725794281406
16  41  11225.383983569001
16  42  21753.84658159
16  43  940.60736971732
16  44  1970.9700444476002
16  45  7860.852644854601
16  46  453.51310958474005
16  47  601.6636286728001
16  48  5613.923328146
16  49  895.239113917
16  50  11667.766388843
16  51  851.68499457555
16  52  6425.072862340501
16  53  2176.0653280334604
17  0  6.94756595859356
17  1  23.4188774325046
17  2  91.550304908928
17  3  21.1609470724368
17  4  128.716147618524
17  5  46.77554138787704
17  6  347.832309613984
17  7  117.25976590510362
17  8  939.3518281781201
17  9  237.99298986953679
17  10  994.166884878596
17  11  120.41380938177
17  12  850.03979158326
17  13  448.69314778404004
17  14  2460.39671532724
17  15  1216.8997319332602
17  16  2543.159325064161
17  17  2456.6558168963243
17  18  64.84217327860112
17  19  598.50820294242
17  20  1823.6191048637002
17  21  321.0008011272485
17  22  3145.92252891324
17  23  5332.9343271004
17  24  826.8559266841281
17  25  2583.1400729227603
17  26  12968.583779920998
17  27  972.0879208758602
17  28  360.81810804802
17  29  4837.8261450271
17  30  1875.7455177676602
17  31  9486.025823896201
17  32  1415.6286795484
17  33  19475.720608268
17  34  5394.5681193046
17  35  4367.608320016
17  36  3131.4664315068003
17  37  79.14550100371561
17  38  4973.324176149999
17  39  2964.8052349170994
17  40  455.7974457400384
17  41  9609.467117176799
17  42  17452.088779009002
17  43  941.414164414708
17  44  1826.14005580264
17  45  8138.194758969041
17  46  403.25435223069604
17  47  401.93718753746003
17  48  3309.2931904048
17  49  822.758654993176
17  50  9786.5970562814
17  51  390.38169706005397
17  52  5814.42134487896
17  53  2241.1541453776404
18  0  0.21679119258566332
18  1  0.6060542495487731
18  2  2.47284933557614
18  3  0.803822659901785
18  4  4.74896311853416
18  5  1.6144130137953128
18  6  9.68561745401327
18  7  4.362945041600904
18  8  23.031831471046104
18  9  6.665929159101559
18  10  27.591204589553982
18  11  3.6988442328894604
18  12  23.9712025232783
18  13  13.305792674843701
18  14  56.111979000558705
18  15  17.909504738378804
18  16  58.28029331100581
18  17  64.84217327860112
18  18  2.493864839052878
18  19  19.5264222902871
18  20  16.436550670257
18  21  12.091492062043535
18  22  91.0521996722747
18  23  144.36571869687202
18  24  30.731882573623242
18  25  78.6466862084403
18  26  368.79885622908
18  27  27.831954140352305
18  28  11.7976597024212
18  29  55.949854127186
18  30  51.7663308752878
18  31  332.730586381263
18  32  44.297543699748
18  33  616.0976530546001
18  34  154.821758498478
18  35  99.39523655735
18  36  54.205945137178006
18  37  3.066373497177718
18  38  183.263886055998
18  39  108.10595835400599
18  40  17.651524454122434
18  41  327.669123544921
18  42  593.90229785542
18  43  35.23326134871464
18  44  67.07491294737571
18  45  267.6397629713637
18  46  12.971627887054181
18  47  9.0837060397121
18  48  81.855763637293
18  49  31.046173461878745
18  50  352.72851260986903
18  51  12.03275433415671
18  52  215.52126090612592
18  53  85.99304566312827
19  0  1.9932542851168997
19  1  9.071125209727999
19  2  31.13379974219
19  3  6.5330361257486995
19  4  61.932402583883
19  5  15.617151561129699
19  6  97.46775312244
19  7  43.682084878925
19  8  285.1821306247
19  9  58.01298709188899
19  10  301.62702201627997
19  11  137.87646494701698
19  12  403.5031856347
19  13  401.9518950004
19  14  834.4616420947
19  15  437.15767022730006
19  16  795.3914157688
19  17  598.50820294242
19  18  19.5264222902871
19  19  569.9308420811
19  20  1944.3828325097
19  21  100.88815855370889
19  22  1143.2803337039
19  23  2495.462934271
19  24  291.45366590491
19  25  948.7381757356001
19  26  5922.840616965
19  27  479.1996487874
19  28  188.07100006577
19  29  4339.0088916411005
19  30  973.3070693661998
19  31  4852.1828079639
19  32  1147.6794822477
19  33  11381.271484812
19  34  4537.608248199
19  35  2094.894471324
19  36  2334.8605954218
19  37  22.855327962296
19  38  2542.6020398856
19  39  2653.7841999376
19  40  147.93443336396658
19  41  6635.934604902899
19  42  14569.51274208
19  43  434.42487752275997
19  44  1082.7870787272
19  45  2296.8292035199
19  46  225.62591081217
19  47  404.46239420805995
19  48  4743.4872766958
19  49  522.662052332772
19  50  7688.7240907909
19  51  974.140287662813
19  52  3776.8413379429694
19  53  971.120044760082
20  0  4.3780983987688
20  1  31.783615061337002
20  2  100.45984683462
20  3  6.618033929131
20  4  138.85117504965
20  5  29.133224064149
20  6  279.689929875
20  7  72.53637557524
20  8  1031.699038428
20  9  153.78628584673
20  10  898.5645231562999
20  11  499.26574594988
20  12  1337.2049259470998
20  13  1434.6146371522
20  14  3310.1729651719997
20  15  2325.9144706315
20  16  3131.882036936
20  17  1823.6191048637002
20  18  16.436550670257
20  19  1944.3828325097
20  20  9347.3950374809
20  21  113.760030798083
20  22  3386.518259638
20  23  8603.637462024
20  24  446.1555952691
20  25  2588.737126309
20  26  19268.806769109
20  27  1576.2856397039
20  28  538.6932168559999
20  29  20729.3881443467
20  30  3355.3309892813
20  31  12436.213361009999
20  32  3897.856638375
20  33  35313.78182085999
20  34  16357.919694699
20  35  8382.15245576
20  36  10415.6187860776
20  37  14.745620991029998
20  38  5986.618178801999
20  39  8261.8457448137
20  40  151.65841030099799
20  41  20152.097517468996
20  42  46901.037671251004
20  43  910.2626518387
20  44  2817.393614748
20  45  4153.7635379230005
20  46  677.56097491678
20  47  1635.3189816052197
20  48  18784.387353954
20  49  1361.38886529136
20  50  23165.615258785998
20  51  3758.2093776310994
20  52  10191.413419500099
20  53  1783.95810347846
21  0  1.0642510445558495
21  1  3.049981583367097
21  2  12.33798639653336
21  3  3.902359459979434
21  4  23.393068966198552
21  5  7.900912805007838
21  6  47.92252769694573
21  7  21.307833433059827
21  8  115.4575553846289
21  9  32.8506482556769
21  10  136.85964975567143
21  11  19.56046806581173
21  12  120.6995644023877
21  13  69.2156529468443
21  14  284.3592170621723
21  15  96.06857096429522
21  16  294.3074413059982
21  17  321.0008011272485
21  18  12.091492062043535
21  19  100.88815855370889
21  20  113.760030798083
21  21  58.75499754447495
21  22  452.6763121291203
21  23  729.279709107378
21  24  149.87806628166587
21  25  389.54239280145975
21  26  1852.39312668148
21  27  140.17834117835474
21  28  58.859714601746695
21  29  347.15035822053403
21  30  262.2974311680512
21  31  1649.1457156971298
21  32  227.33668780114098
21  33  3099.07200073484
21  34  804.723066701042
21  35  512.02102856713
21  36  300.43462899905205
21  37  14.84778674924958
21  38  904.8296643246139
21  39  549.404306562299
21  40  85.69134088120471
21  41  1650.780916985992
21  42  3026.29370102757
21  43  173.12651700295194
21  44  333.2462310128903
21  45  1308.6043224923415
21  46  65.01451931635071
21  47  49.6621304211959
21  48  460.025400082333
21  49  154.3756104422733
21  50  1780.414993185814
21  51  70.6534523075226
21  52  1074.376621665757
21  53  420.9573033668297
22  0  9.3570655287827
22  1  32.718606345893
22  2  124.9491347737
22  3  29.7853809129326
22  4  198.79041967638398
22  5  65.8005741320969
22  6  459.19714507425
22  7  170.711625131077
22  8  1238.7953633895
22  9  307.20413655159297
22  10  1331.0965905512599
22  11  247.919606842976
22  12  1261.8503574178999
22  13  827.6386433527
22  14  3291.1893579889
22  15  1586.4052355406002
22  16  3347.7078470726
22  17  3145.92252891324
22  18  91.0521996722747
22  19  1143.2803337039
22  20  3386.518259638
22  21  452.6763121291203
22  22  4392.9396270945
22  23  7848.71918586
22  24  1189.75265332244
22  25  3639.7599332585005
22  26  19076.369480294
22  27  1460.4572105483
22  28  559.7982656751599
22  29  8378.777008139
22  30  2846.4783988756
22  31  14781.9901200222
22  32  2525.3418224055995
22  33  31111.016202975996
22  34  9672.401931987999
22  35  6352.413851642
22  36  5141.57809037
22  37  110.46229842103
22  38  7804.153898834798
22  39  5593.5992963829995
22  40  649.6953656650418
22  41  16349.3265221102
22  42  31783.352592426
22  43  1441.61416273444
22  44  2988.5406423979
22  45  11014.8808456235
22  46  637.16031515846
22  47  760.5999753972999
22  48  7484.5244000654
22  49  1380.671057252316
22  50  17545.4657495882
22  51  1243.3211221267738
22  52  9802.15693727066
22  53  3392.648358866076
23  0  15.6460531739
23  1  60.714910848
23  2  223.83778499570002
23  3  47.671876431061
23  4  355.66645071058997
23  5  110.287162703144
23  6  787.3497144035
23  7  286.71219171382
23  8  2218.8474467300002
23  9  513.18583185968
23  10  2318.1061742996003
23  11  571.53112082131
23  12  2401.017881905
23  13  1809.644872139
23  14  6104.455976044001
23  15  3180.9047729360004
23  16  6112.3978128260005
23  17  5332.9343271004
23  18  144.36571869687202
23  19  2495.462934271
23  20  8603.637462024
23  21  729.279709107378
23  22  7848.71918586
23  23  15014.42598929
23  24  1973.9766041099
23  25  6437.798713065001
23  26  35925.965856380004
23  27  2793.4275714220003
23  28  1052.9351905991
23  29  20333.577813461998
23  30  5549.219999779
23  31  27206.209470146998
23  32  5338.484284980999
23  33  60593.15963136
23  34  20948.63434012
23  35  12618.73345602
23  36  11621.240977666
23  37  173.16560108000002
23  38  14178.552364767998
23  39  11765.052268747
23  40  1044.655448073048
23  41  32639.288581866997
23  42  66593.73709217
23  43  2542.8928649734
23  44  5641.027479769
23  45  18090.7703217
23  46  1223.5289186659002
23  47  1776.0353855681997
23  48  18658.644635544002
23  49  2634.94716474176
23  50  35765.352480017
23  51  3382.0649884214895
23  52  18898.3210768451
23  53  5851.125736628861
24  0  2.73535511858868
24  1  8.1454111847654
24  2  32.458049105403
24  3  9.93932234577851
24  4  61.5345651181629
24  5  20.34973741124228
24  6  124.02710890640901
24  7  54.963940031897806
24  8  303.68111877182
24  9  84.26691420907959
24  10  356.19242549499205
24  11  58.86727445923211
24  12  325.70790233925004
24  13  201.10449127301
24  14  760.0293293326802
24  15  272.19280085002003
24  16  780.7784472486202
24  17  826.8559266841281
24  18  30.731882573623242
24  19  291.45366590491
24  20  446.1555952691
24  21  149.87806628166587
24  22  1189.75265332244
24  23  1973.9766041099
24  24  385.27709045047703
24  25  1020.1252480491102
24  26  4975.241491614401
24  27  379.0878215976401
24  28  157.787025044781
24  29  1221.3954051018
24  30  716.1953380748699
24  31  4381.80293923257
24  32  645.4801691569099
24  33  8436.6110702376
24  34  2327.5468650854
24  35  1418.6802497142
24  36  929.9386123847
24  37  37.6389082135236
24  38  2392.6335033000796
24  39  1547.12972752095
24  40  218.5876387714597
24  41  4538.50149559397
24  42  8524.3046544301
24  43  453.299226605782
24  44  893.65001702723
24  45  3347.96541213664
24  46  175.83860537515702
24  47  154.64297375077
24  48  1515.1467272326402
24  49  415.64640425320965
24  50  4936.97671840787
24  51  252.98322145451192
24  52  2905.076717999421
24  53  1094.6618037223946
25  0  7.846023921824301
25  1  26.733735927327004
25  2  102.69708454574999
25  3  25.670014594097903
25  4  169.429892756811
25  5  55.8637059718681
25  6  379.3387816818
25  7  146.275100527103
25  8  1007.0815525245001
25  9  254.19227845105698
25  10  1098.56505607174
25  11  203.92706963407903
25  12  1039.7646908766
25  13  680.8464072398001
25  14  2652.7866989161002
25  15  1227.7111269944
25  16  2700.3553948624003
25  17  2583.1400729227603
25  18  78.6466862084403
25  19  948.7381757356001
25  20  2588.737126309
25  21  389.54239280145975
25  22  3639.7599332585005
25  23  6437.798713065001
25  24  1020.1252480491102
25  25  3034.922247851
25  26  15739.939324146002
25  27  1205.1149976247002
25  28  469.06657502239
25  29  6450.331086547
25  30  2337.8585686009
25  31  12501.238654521301
25  32  2091.8342880549003
25  33  25922.910657704
25  34  7937.409825642
25  35  5113.955967868
25  36  4044.774272003
25  37  95.57492660109
25  38  6643.3805434692
25  39  4703.5612053955
25  40  561.1551385589322
25  41  13709.273054063302
25  42  26555.790409409004
25  43  1231.9980386648601
25  44  2536.0940745996004
25  45  9305.3227269095
25  46  532.2909198116901
25  47  610.3803782448
25  48  6035.187014976601
25  49  1174.156635141164
25  50  14773.455016630302
25  51  1011.210246453871
25  52  8313.27877901789
25  53  2912.696765172754
26  0  38.725139929141996
26  1  145.43372591095
26  2  540.757538512
26  3  121.369064964784
26  4  881.87149375036
26  5  275.43737136934
26  6  1920.2651930144
26  7  720.82277276054
26  8  5319.187543202001
26  9  1257.6880523385998
26  10  5637.756356881
26  11  1341.57974926074
26  12  5766.471905303
26  13  4272.053049353999
26  14  14487.731215570002
26  15  7295.222621395
26  16  14540.17897276
26  17  12968.583779920998
26  18  368.79885622908
26  19  5922.840616965
26  20  19268.806769109
26  21  1852.39312668148
26  22  19076.369480294
26  23  35925.965856380004
26  24  4975.241491614401
26  25  15739.939324146002
26  26  86471.63439465
26  27  6710.916971877001
26  28  2561.4690519473997
26  29  45837.683642567004
26  30  13259.386192603
26  31  66809.399748738
26  32  12703.278323004
26  33  146179.74784684
26  34  49432.66123767
26  35  29699.456691680003
26  36  26648.712951196005
26  37  443.86756428345996
26  38  35044.276735932
26  39  28273.437817147
26  40  2662.0554971773117
26  41  78817.373363608
26  42  159478.90464025
26  43  6331.043570083399
26  44  13835.27108658
26  45  45155.139099684005
26  46  2962.2710891908
26  47  4106.6661197282
26  48  43004.931540496
26  49  6461.79601734424
26  50  86364.530843758
26  51  7770.51473125446
26  52  46193.9199692024
26  53  14668.67303865704
27  0  2.9226977145389004
27  1  11.18773371815
27  2  41.27075606378
27  3  9.173995662574201
27  4  68.466731675828
27  5  20.940978496398102
27  6  144.93108497233
27  7  55.101942823391006
27  8  403.75902647890007
27  9  94.212813860517
27  10  427.39263132604003
27  11  109.65033088650202
27  12  448.5894718516
27  13  344.71722860290004
27  14  1107.2622011791
27  15  561.0331384659
27  16  1106.1896168974001
27  17  972.0879208758602
27  18  27.831954140352305
27  19  479.1996487874
27  20  1576.2856397039
27  21  140.17834117835474
27  22  1460.4572105483
27  23  2793.4275714220003
27  24  379.0878215976401
27  25  1205.1149976247002
27  26  6710.916971877001
27  27  523.1631401102001
27  28  200.09650764842002
27  29  3714.6615217407
27  30  1037.1592188097002
27  31  5209.2195413724
27  32  1018.9269751212
27  33  11501.534707092002
27  34  3975.7514137169997
27  35  2315.899696554
27  36  2135.0063684856004
27  37  33.413987481212004
27  38  2730.8518999775997
27  39  2277.6901371906997
27  40  201.74317343963062
27  41  6258.881961869401
27  42  12804.468408873001
27  43  490.19963482034007
27  44  1087.8960768711001
27  45  3402.6522532423005
27  46  232.43109432402002
27  47  333.98162485792
27  48  3557.2061707838
27  49  510.07357669453205
27  50  6906.614234844401
27  51  656.472034348208
27  52  3651.96126472082
27  53  1131.0849366805323
28  0  1.1486125996875598
28  1  4.1570471012871995
28  2  15.492247244226999
28  3  3.8667746089717094
28  4  28.138301108806896
28  5  8.504034816507598
28  6  54.82329459946099
28  7  22.9017849341946
28  8  147.07434538118
28  9  35.676001463263994
28  10  161.59012548485998
28  11  42.5138264610101
28  12  170.87851040543
28  13  132.95113063213
28  14  396.6262163106
28  15  183.2451836216
28  16  395.7304632879
28  17  360.81810804802
28  18  11.7976597024212
28  19  188.07100006577
28  20  538.6932168559999
28  21  58.859714601746695
28  22  559.7982656751599
28  23  1052.9351905991
28  24  157.787025044781
28  25  469.06657502239
28  26  2561.4690519473997
28  27  200.09650764842002
28  28  79.24120084912099
28  29  1271.9484829285
28  30  393.19709858925
28  31  2104.93964267877
28  32  397.28409344691
28  33  4509.050572169599
28  34  1524.0254252412
28  35  838.5670331182
28  36  752.6165107403
28  37  14.226619504110399
28  38  1119.6855860524797
28  39  915.5376107536499
28  40  85.50226377643527
28  41  2493.1188648439697
28  42  5079.1123458671
28  43  202.65341640402596
28  44  443.52395021535
28  45  1362.55546132876
28  46  91.557117884885
28  47  123.58593398098998
28  48  1341.37217570824
28  49  209.01670916178557
28  50  2778.97336436967
28  51  253.7891042412659
28  52  1488.1921025097809
28  53  472.5071413492426
29  0  11.8362955367494
29  1  76.730400775181
29  2  248.89932322756
29  3  20.976796876858
29  4  337.5375276634
29  5  78.069738977652
29  6  727.6456300020001
29  7  192.83634107127
29  8  2569.2974705489996
29  9  417.9273964750399
29  10  2290.6023892178996
29  11  1103.5286525244899
29  12  3163.0533154673
29  13  3211.6595437686
29  14  8043.333442300999
29  15  5495.7745435444995
29  16  7697.921318027999
29  17  4837.8261450271
29  18  55.949854127186
29  19  4339.0088916411005
29  20  20729.3881443467
29  21  347.15035822053403
29  22  8378.777008139
29  23  20333.577813461998
29  24  1221.3954051018
29  25  6450.331086547
29  26  45837.683642567004
29  27  3714.6615217407
29  28  1271.9484829285
29  29  46292.46571149211
29  30  7844.4407706569
29  31  29648.402411864998
29  32  8786.62336168
29  33  82004.01656898
29  34  36754.702475737
29  35  19595.07509448
29  36  23492.7335397388
29  37  56.88545128818999
29  38  14361.740378866001
29  39  18522.5440044881
29  40  469.20642492376396
29  41  46111.317881482
29  42  105603.13359236301
29  43  2242.5209093391
29  44  6588.056179114
29  45  11718.496174444
29  46  1582.94277291064
29  47  3636.1408863388597
29  48  41181.694407572
