0  0  5.9872314333400006e-05
0  1  0.0008326379033699999
0  2  0.0026275641469200002
0  3  4.7390342650600004e-05
0  4  0.0026561928965940004
0  5  0.0001347309807382
0  6  0.007485078062260001
0  7  0.00052747502149
0  8  0.032259107949
0  9  0.003092272387274
0  10  0.01888503124928
0  11  0.008799126822426001
0  12  0.0302815168788
0  13  0.0306940287632
0  14  0.1199906155556
0  15  0.06367646131580001
0  16  0.1163723678228
0  17  0.054774815329
0  18  6.910306993060001e-05
0  19  0.047076967452400004
0  20  0.236937781262
0  21  4.6414129493400005e-05
0  22  0.12843992896380002
0  23  0.28452675887
0  24  0.004657485016300001
0  25  0.09537862721360002
0  26  0.6215561679020001
0  27  0.0290908354266
0  28  0.01378191347606
0  29  0.57242193939
0  30  0.056066792679800005
0  31  0.4698522878482
0  32  0.10408811891960001
0  33  1.19842644686
0  34  0.422189399168
0  35  0.27846504274800005
0  36  0.263277563112
0  37  3.3712547432000005e-05
0  38  0.1109596743898
0  39  0.1325906633228
0  40  0.0004997694453588
0  41  0.5195180944242
0  42  1.0150360351420002
0  43  0.006267437390400001
0  44  0.060447260816
0  45  0.11453611569620001
0  46  0.008852530245980001
0  47  0.06196436740680002
0  48  0.6882379211044001
0  49  0.030207765782036003
0  50  0.11643844573420001
0  51  0.014839236829274002
0  52  0.09678641561166001
0  53  0.007788512736716001
1  0  0.0008326379033699999
1  1  0.011580708517019998
1  2  0.036498589055999994
1  3  0.000655671597162
1  4  0.03713729957898
1  5  0.0018591456310019995
1  6  0.1035302638842
1  7  0.007279197275819999
1  8  0.4472474511179999
1  9  0.04257307142933999
1  10  0.26025265370879996
1  11  0.12330585873522001
1  12  0.420719010756
1  13  0.429135521892
1  14  1.6650998835959998
1  15  0.883412585178
1  16  1.613534657028
1  17  0.7578979712459999
1  18  0.0009622956790859999
1  19  0.6585616596719999
1  20  3.3040729746599995
1  21  0.0006510071566739999
1  22  1.787321449674
1  23  3.9682473942599996
1  24  0.0650889784926
1  25  1.32775500906
1  26  8.66673541506
1  27  0.405909504654
1  28  0.1921707923862
1  29  7.977207058139999
1  30  0.781462486758
1  31  6.577022578554001
1  32  1.4574007636920001
1  33  16.755035706599998
1  34  5.90628994368
1  35  3.87418719396
1  36  3.67173723468
1  37  0.00047059435655999996
1  38  1.550247426306
1  39  1.8579353688359999
1  40  0.006998417003915999
1  41  7.2748148804340005
1  42  14.220275812139999
1  43  0.0878060636736
1  44  0.8469768063479999
1  45  1.592435325558
1  46  0.1237674415998
1  47  0.867222354336
1  48  9.642305915627999
1  49  0.42363524854212
1  50  1.630935473454
1  51  0.20810524588458
1  52  1.3566063221021998
1  53  0.10919330240652
2  0  0.0026275641469200002
2  1  0.036498589055999994
2  2  0.116711964171
2  3  0.00219058376103
2  4  0.11008374641970001
2  5  0.0063894830451599995
2  6  0.34697317671299993
2  7  0.024995395661999997
2  8  1.4608421562
2  9  0.14982805719120001
2  10  0.906776193264
2  11  0.3554390342313
2  12  1.3421407619399999
2  13  1.2724173839100001
2  14  5.383807406280001
2  15  2.8642959350400004
2  16  5.26587424914
2  17  2.5300210377
2  18  0.00299049759378
2  19  1.93927849287
2  20  10.103167320599999
2  21  0.00185566864242
2  22  5.599990522440001
2  23  12.114330080999999
2  24  0.19398234256500002
2  25  4.14205853793
2  26  26.529787677600005
2  27  1.23255845358
2  28  0.588212109153
2  29  24.577459369499998
2  30  2.40327926199
2  31  19.216052944410002
2  32  4.244923726980001
2  33  49.688968818000006
2  34  17.3828994384
2  35  12.1682000424
2  36  11.2145546631
2  37  0.0014219108916000002
2  38  4.63548259749
2  39  5.35968661164
2  40  0.02035399642344
2  41  21.16315244571
2  42  41.128377377099994
2  43  0.25389846852
2  44  2.44490310705
2  45  5.03986122306
2  46  0.36699531759900006
2  47  2.5394293995900004
2  48  27.87534260172
2  49  1.2097116555618
2  50  4.72859261121
2  51  0.5942894534787
2  52  3.899913644433
2  53  0.31298976434580006
3  0  4.7390342650600004e-05
3  1  0.000655671597162
3  2  0.00219058376103
3  3  4.6290784644100005e-05
3  4  0.001588464857919
3  5  0.000144413517001
3  6  0.007389138364509999
3  7  0.000563830564222
3  8  0.029108745139799996
3  9  0.0035664931766899994
3  10  0.0211275150392
3  11  0.004530409549131
3  12  0.0250146758598
3  13  0.0183817637375
3  14  0.10431651983599999
3  15  0.05593099490299999
3  16  0.104690167391
3  17  0.0533530050196
3  18  5.1355246270000004e-05
3  19  0.0272190332923
3  20  0.164156851604
3  21  2.2374168492e-05
3  22  0.09875186689860001
3  23  0.195696738896
3  24  0.0028610912481100005
3  25  0.0720284354129
3  26  0.43271199805400007
3  27  0.0195295475928
3  28  0.009591519217910002
3  29  0.409984745109
3  30  0.039839678124500004
3  31  0.2606501736067
3  32  0.05678560028060001
3  33  0.718363724
3  34  0.24341430536
3  35  0.21624731542800002
3  36  0.181474167111
3  37  2.2119851324e-05
3  38  0.0692764143463
3  39  0.0685611644888
3  40  0.0002704628898108
3  41  0.2815352638437
3  42  0.532611455017
3  43  0.00328448902536
3  44  0.031371922463300006
3  45  0.09171306130760001
3  46  0.00530268914285
3  47  0.034787223312300004
3  48  0.36022534030239994
3  49  0.014719061684486001
3  50  0.061938366240699996
3  51  0.0072330944473490005
3  52  0.04905946911591
3  53  0.003881252825246
4  0  0.0026561928965940004
4  1  0.03713729957898
4  2  0.11008374641970001
4  3  0.001588464857919
4  4  0.14792701959520999
4  5  0.0037662275900499998
4  6  0.2463402763309
4  7  0.01483571137238
4  8  1.221885648142
4  9  0.0716893371133
4  10  0.476082888872
4  11  0.5328658665102899
4  12  1.282179145082
4  13  1.707869116885
4  14  4.77648995952
4  15  2.50127190631
4  16  4.42644852193
4  17  1.8448174441840002
4  18  0.0032613102148799995
4  19  2.676459930737
4  20  11.880480753759997
4  21  0.0028999492003
4  22  5.868570723234001
4  23  14.350446008839999
4  24  0.25494412474690004
4  25  4.434296528171
4  26  31.04409975126
4  27  1.4952734946919999
4  28  0.6885301408569
4  29  27.918110948109998
4  30  2.7530375389949997
4  31  27.356929007052997
4  32  6.116514164953999
4  33  66.64384445799999
4  34  24.0429348568
4  35  12.597673824520001
4  36  13.25573746429
4  37  0.0017628243635599999
4  38  6.008568294217
4  39  8.012331506192
4  40  0.029495950095371995
4  41  30.638967126082996
4  42  60.884166929029995
4  43  0.3761793211544
4  44  3.646022064307
4  45  5.019554330664
4  46  0.4925019463154999
4  47  3.5836969904569997
4  48  41.335228743815996
4  49  1.87817227458874
4  50  6.935036507712999
4  51  0.9224844912189099
4  52  5.9065324733569
4  53  0.47920506231314
5  0  0.0001347309807382
5  1  0.0018591456310019995
5  2  0.0063894830451599995
5  3  0.000144413517001
5  4  0.0037662275900499998
5  5  0.0004656683949317999
5  6  0.023143804972499998
5  7  0.001816427312642
5  8  0.08797137996979999
5  9  0.011771791056346
5  10  0.06908039113152
5  11  0.00932880964113
5  12  0.072642964306
5  13  0.0436331477008
5  14  0.3101992342724
5  15  0.16707865401820002
5  16  0.31598449382919996
5  17  0.16626715081859994
5  18  0.00014112870275139998
5  19  0.06273239412439999
5  20  0.4325847431019999
5  21  4.265608937659999e-05
5  22  0.2765049670038
5  23  0.513313406406
5  24  0.00692997703086
5  25  0.19972101616079999
5  26  1.143747560462
5  27  0.050421858212199994
5  28  0.025347220855099998
5  29  1.1027134008139998
5  30  0.1066436296382
5  31  0.5787397011809999
5  32  0.124092667806
5  33  1.70646807934
5  34  0.559629492352
5  35  0.60871730678
5  36  0.476666581544
5  37  5.622826615199999e-05
5  38  0.16989130980899997
5  39  0.141837680766
5  40  0.000586407504882
5  41  0.6112354347969999
5  42  1.1191542345499998
5  43  0.006892380189759999
5  44  0.0651589725088
5  45  0.2622797789234
5  46  0.01258934282822
5  47  0.078099168178
5  48  0.7549282838979999
5  49  0.0284383907221
5  50  0.131998251819
5  51  0.01398087075505
5  52  0.09928744701949999
5  53  0.00770319438558
6  0  0.007485078062260001
6  1  0.1035302638842
6  2  0.34697317671299993
6  3  0.007389138364509999
6  4  0.2463402763309
6  5  0.023143804972499998
6  6  1.180044334761
6  7  0.09034971117019999
6  8  4.6292353431799995
6  9  0.5732159237169999
6  10  3.39169700808
6  11  0.6940059010641001
6  12  3.96020985778
6  13  2.85096211465
6  14  16.5589915448
6  15  8.8829859919
6  16  16.6466692717
6  17  8.51535836736
6  18  0.0080817341092
6  19  4.21020231173
6  20  25.720765530399998
6  21  0.003406732733
6  22  15.57161140386
6  23  30.6480903036
6  24  0.444588359001
6  25  11.34586303959
6  26  67.8201314054
6  27  3.05364428668
6  28  1.503273685301
6  29  64.3735653119
6  30  6.252307840549999
6  31  40.18357480137
6  32  8.742357324660002
6  33  111.42401422
6  34  37.642651192
6  35  34.1183635508
6  36  28.424691064099996
6  37  0.0034533164724
6  38  10.777650606929999
6  39  10.506774199679999
6  40  0.041610679781879996
6  41  43.319146740069996
6  42  81.72595337870001
6  43  0.503928941176
6  44  4.80920715103
6  45  14.49497969456
6  46  0.8224464606950002
6  47  5.36824208653
6  48  55.26223759864
6  49  2.2434377324146
6  50  9.51528689277
6  51  1.1024839606038999
6  52  7.504818274301
6  53  0.5928094320906001
7  0  0.00052747502149
7  1  0.007279197275819999
7  2  0.024995395661999997
7  3  0.000563830564222
7  4  0.01483571137238
7  5  0.001816427312642
7  6  0.09034971117019999
7  7  0.00708549554262
7  8  0.34377823283799996
7  9  0.04588909181213999
7  10  0.2693592086848
7  11  0.03695275377582
7  12  0.28421405183599996
7  13  0.171869935632
7  14  1.212786487916
7  15  0.6531396379380001
7  16  1.2348637073879998
7  17  0.6491729298860001
7  18  0.0005531128270060001
7  19  0.247373918772
7  20  1.69771271466
7  21  0.000169538260354
7  22  1.0830381322740001
7  23  2.01485041666
7  24  0.027276910946600005
7  25  0.78252514924
7  26  4.48827353306
7  27  0.198020762894
7  28  0.0994677781922
7  29  4.32476704474
7  30  0.41831450541799997
7  31  2.285441997974
7  32  0.490350783652
7  33  6.7215524586
7  34  2.20700358528
7  35  2.38387885876
7  36  1.8709182824800001
7  37  0.00022094172855999998
7  38  0.668407224686
7  39  0.561729057316
7  40  0.002317912566396
7  41  2.415920292854
7  42  4.4293793483399995
7  43  0.027280109897599998
7  44  0.258010474368
7  45  1.0266451584379999
7  46  0.0495887972258
7  47  0.308280263516
7  48  2.988176450668
7  49  0.11296141970172001
7  50  0.522118371674
7  51  0.05553298727598
7  52  0.3935818030282
7  53  0.03056178424612
8  0  0.032259107949
8  1  0.4472474511179999
8  2  1.4608421562
8  3  0.029108745139799996
8  4  1.221885648142
8  5  0.08797137996979999
8  6  4.6292353431799995
8  7  0.34377823283799996
8  8  18.8366940662
8  9  2.1216712451659996
8  10  12.691263925120001
8  11  3.7498171144379997
8  12  16.7415754924
8  13  14.130275520799998
8  14  68.45403578039999
8  15  36.5601695522
8  16  67.8227228972
8  17  33.583090681399995
8  18  0.0358721357214
8  19  21.2757431308
8  20  118.14040807399999
8  21  0.0191596132226
8  22  68.01785971860001
8  23  141.286269634
8  24  2.17337314034
8  25  49.978660768
8  26  310.763753034
8  27  14.2504675726
8  28  6.88937380698
8  29  290.871407426
8  30  28.3608265842
8  31  207.86016611659997
8  32  45.658305326800004
8  33  551.97560234
8  34  190.522245632
8  35  148.341008084
8  36  130.89448059199998
8  37  0.016305842584
8  38  52.23186687740001
8  39  56.6243238244
8  40  0.2183333030364
8  41  227.1175675486
8  42  436.636928506
8  43  2.69435816224
8  44  25.861628103199997
8  45  62.14144009020001
8  46  4.07581741002
8  47  27.5806761844
8  48  295.68883032119993
8  49  12.533701509548
8  50  50.430445166599995
8  51  6.158068831382
8  52  40.93156729537999
8  53  3.2666857307079997
9  0  0.003092272387274
9  1  0.04257307142933999
9  2  0.14982805719120001
9  3  0.0035664931766899994
9  4  0.0716893371133
9  5  0.011771791056346
9  6  0.5732159237169999
9  7  0.04588909181213999
9  8  2.1216712451659996
9  9  0.30229185465461994
9  10  1.7628495033344
9  11  0.1442451205713
9  12  1.6972862849799997
9  13  0.8317329920759999
9  14  7.3876152948280005
9  15  3.9933977769539992
9  16  7.613313956723999
9  17  4.103000662462
9  18  0.003143209533758
9  19  1.151551345728
9  20  9.257301112739999
9  21  0.000566780638802
9  22  6.262636100105999
9  23  10.934270508020001
9  24  0.1353635651062
9  25  4.484414472956
9  26  24.549786201939998
9  27  1.0569045672939998
9  28  0.543952300219
9  29  24.071889486379998
9  30  2.3173715086539994
9  31  10.09007143621
9  32  2.11331245334
9  33  32.5586385498
9  34  10.239540205439999
9  35  13.8514337642
9  36  10.167696847879999
9  37  0.00115952162024
9  38  3.36684540169
9  39  2.2110602829799997
9  40  0.009868063413900001
9  41  10.307052975129999
9  42  17.9138676999
9  43  0.11007930833920002
9  44  1.022703308196
9  45  6.049982792517999
9  46  0.2400304064134
9  47  1.38325517332
9  48  12.030655032139999
9  49  0.3889178206482
9  50  2.16208240087
9  51  0.1913721828693
9  52  1.488127232687
9  53  0.11126192899579998
10  0  0.01888503124928
10  1  0.26025265370879996
10  2  0.906776193264
10  3  0.0211275150392
10  4  0.476082888872
10  5  0.06908039113152
10  6  3.39169700808
10  7  0.2693592086848
10  8  12.691263925120001
10  9  1.7628495033344
10  10  10.305968579328
10  11  1.06215676308
10  12  10.2877322768
10  13  5.51976174512
10  14  44.42199651136001
10  15  23.97669458048
10  16  45.559347874880004
10  17  24.31343719584
10  18  0.019444875248960002
10  19  7.780429454559998
10  20  58.27685228480001
10  21  0.00453076366624
10  22  38.46372165312
10  23  68.97459416640001
10  24  0.888138282384
10  25  27.645112012320002
10  26  154.3417669888
10  27  6.7150023804800005
10  28  3.4200699239200003
10  29  150.21983208160003
10  30  14.49045952048
10  31  69.903953172
10  32  14.8123994832
10  33  215.980287776
10  34  69.29132833279999
10  35  84.90307321600001
10  36  64.0996843696
10  37  0.0074212035648
10  38  21.942949188
10  39  16.2122658528
10  40  0.0695805035712
10  41  72.6009030104
10  42  129.564336856
10  43  0.7970714973440001
10  44  7.47222936272
10  45  36.86972513056
10  46  1.5927865274080002
10  47  9.5093190776
10  48  87.2110832864
10  49  3.059438682128
10  50  15.4544011272
10  51  1.5046862843120001
10  52  11.13921104008
10  53  0.8494985584800001
11  0  0.008799126822426001
11  1  0.12330585873522001
11  2  0.3554390342313
11  3  0.004530409549131
11  4  0.5328658665102899
11  5  0.00932880964113
11  6  0.6940059010641001
11  7  0.03695275377582
11  8  3.7498171144379997
11  9  0.1442451205713
11  10  1.06215676308
11  11  1.96807138757721
11  12  4.160276727618
11  13  6.150395037945
11  14  15.044586162720002
11  15  7.82513214051
11  16  13.61521628949
11  17  5.278189916375999
11  18  0.01108213896576
11  19  9.703208338052999
11  20  41.30498812944
11  21  0.01080356914086
11  22  19.683326930346
11  23  49.99785171876
11  24  0.9133328453841001
11  25  14.978249005959
11  26  107.77788909294
11  27  5.244740708627999
11  28  2.3906464035981
11  29  96.07553001879
11  30  9.498144706575
11  31  99.895437635697
11  32  22.395588989346003
11  33  239.95455702599997
11  34  87.20971713840001
11  35  42.079127709480005
11  36  46.15504352961
11  37  0.00622004138964
11  38  21.450357205533
11  39  29.574555733007998
11  40  0.108136935994428
11  41  112.30331208476699
11  42  224.25738009747002
11  43  1.3858552567416
11  44  13.450886085423
11  45  16.540277462376
11  46  1.7735254084815
11  47  13.059886395693
11  48  152.307866855784
11  49  6.987701947018261
11  50  25.492321926837
11  51  3.4319353261215904
11  52  21.8622050715381
11  53  1.7777463297618599
12  0  0.0302815168788
12  1  0.420719010756
12  2  1.3421407619399999
12  3  0.0250146758598
12  4  1.282179145082
12  5  0.072642964306
12  6  3.96020985778
12  7  0.28421405183599996
12  8  16.7415754924
12  9  1.6972862849799997
12  10  10.2877322768
12  11  4.160276727618
12  12  15.440076304399998
12  13  14.819510893
12  14  61.800422112
12  15  32.864371606
12  16  60.356177530000004
12  17  28.8945390448
12  18  0.034552012704
12  19  22.613375503399997
12  20  117.04934243199999
12  21  0.021763388812
12  22  64.6139591988
12  23  140.38821024799998
12  24  2.2572613841800004
12  25  47.8265182142
12  26  307.302171132
12  27  14.2966171304
12  28  6.81351425898
12  29  284.37750134199996
12  30  27.816051482999995
12  31  224.3813015026
12  32  49.5939732068
12  33  578.6959684
12  34  202.716316
12  35  140.34261498400002
12  36  129.95042849799998
12  37  0.016506895591999998
12  38  53.9095970314
12  39  62.7246613664
12  40  0.2378601770424
12  41  247.3052045486
12  42  481.10617352599996
12  43  2.9701392036799996
12  44  28.6095232654
12  45  58.0544385168
12  46  4.2742655835
12  47  29.640677719400003
12  48  326.10240690719996
12  49  14.183029929508002
12  50  55.28957883459999
12  51  6.967559088622
12  52  45.66906272698
12  53  3.6671038855880003
13  0  0.0306940287632
13  1  0.429135521892
13  2  1.2724173839100001
13  3  0.0183817637375
13  4  1.707869116885
13  5  0.0436331477008
13  6  2.85096211465
13  7  0.171869935632
13  8  14.130275520799998
13  9  0.8317329920759999
13  10  5.51976174512
13  11  6.150395037945
13  12  14.819510893
13  13  19.7180070123
13  14  55.2231204844
13  15  28.920205609200003
13  16  51.187760920200006
13  17  21.347691640599997
13  18  0.037676647393399994
13  19  30.898459425899993
13  20  137.21733652199998
13  21  0.033468217904599994
13  22  67.8065055168
13  23  165.741221726
13  24  2.9435979678099997
13  25  51.2308946333
13  26  358.55901893199996
13  27  17.2684899802
13  28  7.9525075562500005
13  29  322.48410191899995
13  30  31.7996795767
13  31  315.79729562649993
13  32  70.604397665
13  33  769.4304245399999
13  34  277.562679312
13  35  145.5619352
13  36  153.098851979
13  37  0.020357048371999996
13  38  69.3779142085
13  39  92.47982913799999
13  40  0.34047396746399994
13  41  353.66875642749994
13  42  702.753302955
13  43  4.342027114959999
13  44  42.083319657299995
13  45  58.007327409400006
13  46  5.68612749007
13  47  41.369676587499995
13  48  477.1083977539999
13  49  21.67625511309
13  50  80.0492517145
13  51  10.646530901834998
13  52  68.17215352265
13  53  5.53075656437
14  0  0.1199906155556
14  1  1.6650998835959998
14  2  5.383807406280001
14  3  0.10431651983599999
14  4  4.77648995952
14  5  0.3101992342724
14  6  16.5589915448
14  7  1.212786487916
14  8  68.45403578039999
14  9  7.3876152948280005
14  10  44.42199651136001
14  11  15.044586162720002
14  12  61.800422112
14  13  55.2231204844
14  14  250.4120935432
14  15  133.4973707476
14  16  246.60513698560004
14  17  120.41080318279998
14  18  0.1349351300852
14  19  83.66224245320001
14  20  449.97013855599994
14  21  0.0777376381788
14  22  254.31021521640002
14  23  538.824233788
14  24  8.45595702728
14  25  187.46171145640002
14  26  1182.615676036
14  27  54.581287443600004
14  28  26.2191142036
14  29  1101.341589072
14  30  107.5354949776
14  31  823.2790136239998
14  32  181.365703096
14  33  2156.8504241200003
14  34  749.5568479360002
14  35  553.64382948
14  36  499.001090172
14  37  0.06270758905599999
14  38  202.639360136
14  39  227.014046812
14  40  0.86848292286
14  41  903.2109573719999
14  42  1746.1283525600002
14  43  10.77719905248
14  44  103.61697511240001
14  45  230.6652420292
14  46  15.92825780896
14  47  109.013366058
14  48  1182.983780516
14  49  50.76138368608001
14  50  201.198967628
14  51  24.938654330920002
14  52  164.66127536279998
14  53  13.17960556552
15  0  0.06367646131580001
15  1  0.883412585178
15  2  2.8642959350400004
15  3  0.05593099490299999
15  4  2.50127190631
15  5  0.16707865401820002
15  6  8.8829859919
15  7  0.6531396379380001
15  8  36.5601695522
15  9  3.9933977769539992
15  10  23.97669458048
15  11  7.82513214051
15  12  32.864371606
15  13  28.920205609200003
15  14  133.4973707476
15  15  71.2047192918
15  16  131.6881796508
15  17  64.5512478754
15  18  0.0713893442786
15  19  43.7429647176
15  20  237.264933558
15  21  0.0403172394734
15  22  134.7671980902
15  23  284.018387534
15  24  4.433581519540001
15  25  99.2559620252
15  26  623.725081198
15  27  28.7371628098
15  28  13.828048375300002
15  29  581.648473946
15  30  56.770898381799995
15  31  429.64354356699994
15  32  94.57770465800002
15  33  1129.58499366
15  34  391.85667244800004
15  35  293.53547654000005
15  36  263.05438859599997
15  37  0.032979994808
15  38  106.326936763
15  39  118.099168406
15  40  0.45272818317
15  41  470.860368931
15  42  908.97691893
15  43  5.60993808064
15  44  53.9132996532
15  45  122.47791085060001
15  46  8.341672129780001
15  47  56.921425984
15  48  615.753429458
15  49  26.338754059739998
15  50  104.801402989
15  51  12.94021090551
15  52  85.58610491089999
15  53  6.845256296660001
16  0  0.1163723678228
16  1  1.613534657028
16  2  5.26587424914
16  3  0.104690167391
16  4  4.42644852193
16  5  0.31598449382919996
16  6  16.6466692717
16  7  1.2348637073879998
16  8  67.8227228972
16  9  7.613313956723999
16  10  45.559347874880004
16  11  13.61521628949
16  12  60.356177530000004
16  13  51.187760920200006
16  14  246.60513698560004
16  15  131.6881796508
16  16  244.2106494948
16  17  120.7870250704
16  18  0.1295269296416
16  19  77.11386239459999
16  20  427.02847756799997
16  21  0.0696363001304
16  22  245.4747203892
16  23  510.74706538400005
16  24  7.870131883540001
16  25  180.4196880782
16  26  1123.200494908
16  27  51.533953952800005
16  28  24.900541404100004
16  29  1050.8558296459998
16  30  102.47371833580002
16  31  753.863139853
16  32  165.63479426600003
16  33  1999.53637896
16  34  690.5769170880001
16  35  535.2798990800001
16  36  473.165551106
16  37  0.058987184168
16  38  189.09343821700003
16  39  205.5838892
16  40  0.792145667244
16  41  823.999118947
16  42  1584.92848359
16  43  9.780316812639999
16  44  93.8896191582
16  45  224.1325404016
16  46  14.764840915179999
16  47  100.01088247300001
16  48  1073.3485341199998
16  49  45.54676473402
16  50  183.017102305
16  51  22.37795688003
16  52  148.6538255777
16  53  11.866903372340001
17  0  0.054774815329
17  1  0.7578979712459999
17  2  2.5300210377
17  3  0.0533530050196
17  4  1.8448174441840002
17  5  0.16626715081859994
17  6  8.51535836736
17  7  0.6491729298860001
17  8  33.583090681399995
17  9  4.103000662462
17  10  24.31343719584
17  11  5.278189916375999
17  12  28.8945390448
17  13  21.347691640599997
17  14  120.41080318279998
17  15  64.5512478754
17  16  120.7870250704
17  17  61.49475470579999
17  18  0.05941497320979999
17  19  31.632996098599993
17  20  190.13809835799998
17  21  0.026107450218199997
17  22  114.18965203619999
17  23  226.69793179799998
17  24  3.32110058748
17  25  83.31164692499999
17  26  501.156831578
17  27  22.632786116199995
17  28  11.10873208796
17  29  474.6103406719999
17  30  46.125597814399995
17  31  303.17746168319997
17  32  66.0741276936
17  33  834.2578823800001
17  34  282.903665824
17  35  250.01504886799998
17  36  210.21453385399997
17  37  0.025645072127999997
17  38  80.3900808048
17  39  79.86996065880001
17  40  0.3147575747628
17  41  327.63363547719996
17  42  620.259013712
17  43  3.82509897328
17  44  36.5435187754
17  45  105.9858681674
17  46  6.15826030664
17  47  40.4529367138
17  48  419.5282542724
17  49  17.170598803696002
17  50  72.10926757319999
17  51  8.437734131164
17  52  57.17755264675999
17  53  4.525288651416
18  0  6.910306993060001e-05
18  1  0.0009622956790859999
18  2  0.00299049759378
18  3  5.1355246270000004e-05
18  4  0.0032613102148799995
18  5  0.00014112870275139998
18  6  0.0080817341092
18  7  0.0005531128270060001
18  8  0.0358721357214
18  9  0.003143209533758
18  10  0.019444875248960002
18  11  0.01108213896576
18  12  0.034552012704
18  13  0.037676647393399994
18  14  0.1349351300852
18  15  0.0713893442786
18  16  0.1295269296416
18  17  0.05941497320979999
18  18  8.10286146322e-05
18  19  0.05815722975219999
18  20  0.282366967526
18  21  5.90363278518e-05
18  22  0.1493499929994
18  23  0.339625005158
18  24  0.00568967449348
18  25  0.1114025727914
18  26  0.739937993306
18  27  0.0349065495066
18  28  0.016408004537
18  29  0.6770772017519999
18  30  0.0664380386936
18  31  0.584628930052
18  32  0.12987929174
18  33  1.4708062998199998
18  34  0.521819691296
18  35  0.3229819137
18  36  0.314111531382
18  37  4.0647212575999994e-05
18  38  0.135126577228
18  39  0.16688054821399997
18  40  0.0006244360106219999
18  41  0.64896444651
18  42  1.2745907400399998
18  43  0.00787167035568
18  44  0.0760359223634
18  45  0.1317930979802
18  46  0.01086595861856
18  47  0.07694417218499999
18  48  0.8645727035619999
18  49  0.03836284138592
18  50  0.14589300400599997
18  51  0.018844371912979996
18  52  0.12219268967819999
18  53  0.00985833716516
19  0  0.047076967452400004
19  1  0.6585616596719999
19  2  1.93927849287
19  3  0.0272190332923
19  4  2.676459930737
19  5  0.06273239412439999
19  6  4.21020231173
19  7  0.247373918772
19  8  21.2757431308
19  9  1.151551345728
19  10  7.780429454559998
19  11  9.703208338052999
19  12  22.613375503399997
19  13  30.898459425899993
19  14  83.66224245320001
19  15  43.7429647176
19  16  77.11386239459999
19  17  31.632996098599993
19  18  0.05815722975219999
19  19  48.504646709099994
19  20  213.05120923799996
19  21  0.05292525901779999
19  22  104.3211887052
19  23  257.479493146
19  24  4.60630778081
19  25  78.9598712101
19  26  556.514148368
19  27  26.873420435
19  28  12.34327564973
19  29  499.39119577899993
19  30  49.27621989709999
19  31  496.6950578021
19  32  111.1296155218
19  33  1205.6523328199999
19  34  435.77969217599997
19  35  223.717572184
19  36  237.80120771499998
19  37  0.031728958948
19  38  108.46623203690001
19  39  145.8774345004
19  40  0.5360812290743999
19  41  556.8244871710999
19  42  1107.889475391
19  43  6.845541559759999
19  44  66.37271349329998
19  45  88.851703853
19  46  8.91015735011
19  47  65.03250964189999
19  48  752.2352253291999
19  49  34.265533346778
19  50  126.12847295809999
19  51  16.829693909127002
19  52  107.61510594493
19  53  8.736112974297999
20  0  0.236937781262
20  1  3.3040729746599995
20  2  10.103167320599999
20  3  0.164156851604
20  4  11.880480753759997
20  5  0.4325847431019999
20  6  25.720765530399998
20  7  1.69771271466
20  8  118.14040807399999
20  9  9.257301112739999
20  10  58.27685228480001
20  11  41.30498812944
20  12  117.04934243199999
20  13  137.21733652199998
20  14  449.97013855599994
20  15  237.264933558
20  16  427.02847756799997
20  17  190.13809835799998
20  18  0.282366967526
20  19  213.05120923799996
20  20  999.9367763399998
20  21  0.22193443147399997
20  22  516.040221486
20  23  1204.5855513799997
20  24  20.6298524668
20  25  386.68112943799997
20  26  2617.5796617399997
20  27  124.43618611
20  28  58.048495500399994
20  29  2380.0868511199997
20  30  233.96558696799997
20  31  2155.683396808
20  32  480.105908264
20  33  5355.7928106
20  34  1912.4894140800002
20  35  1113.0843873200001
20  36  1113.5784269
20  37  0.14557026464
20  38  488.51769791199996
20  39  621.625541492
20  40  2.311011163812
20  41  2401.306858228
20  42  4738.16445768
20  43  29.267361332799997
20  44  283.0881067739999
20  45  450.45352051
20  46  39.5720403088
20  47  283.193913262
20  48  3215.0969719159993
20  49  144.02303797344
20  50  541.293151588
20  51  70.74305395596
20  52  456.3949398163999
20  53  36.904048237039994
21  0  4.6414129493400005e-05
21  1  0.0006510071566739999
21  2  0.00185566864242
21  3  2.2374168492e-05
21  4  0.0028999492003
21  5  4.265608937659999e-05
21  6  0.003406732733
21  7  0.000169538260354
21  8  0.0191596132226
21  9  0.000566780638802
21  10  0.00453076366624
21  11  0.01080356914086
21  12  0.021763388812
21  13  0.033468217904599994
21  14  0.0777376381788
21  15  0.0403172394734
21  16  0.0696363001304
21  17  0.026107450218199997
21  18  5.90363278518e-05
21  19  0.05292525901779999
21  20  0.22193443147399997
21  21  5.9478924984199995e-05
21  22  0.1043317489206
21  23  0.26885103632199997
21  24  0.00496088344232
21  25  0.0796093506946
21  26  0.578793366294
21  27  0.0282717916414
21  28  0.0128388070092
21  29  0.514261221068
21  30  0.050888635988399995
21  31  0.546232265282
21  32  0.122574756352
21  33  1.3056615405799998
21  34  0.475762469024
21  35  0.22268372726000002
21  36  0.248130335678
21  37  3.3601607824e-05
21  38  0.116365526498
21  39  0.162313609282
21  40  0.000592110544674
21  41  0.6148784479239999
21  42  1.2299030467
21  43  0.00760097860912
21  44  0.0738091250906
21  45  0.0870645710958
21  46  0.00965073340164
21  47  0.071362516201
21  48  0.8354124488459999
21  49  0.038453488907000004
21  50  0.139711489088
21  51  0.0188857439768
21  52  0.120098917292
21  53  0.00977347830376
22  0  0.12843992896380002
22  1  1.787321449674
22  2  5.599990522440001
22  3  0.09875186689860001
22  4  5.868570723234001
22  5  0.2765049670038
22  6  15.57161140386
22  7  1.0830381322740001
22  8  68.01785971860001
22  9  6.262636100105999
22  10  38.46372165312
22  11  19.683326930346
22  12  64.6139591988
22  13  67.8065055168
22  14  254.31021521640002
22  15  134.7671980902
22  16  245.4747203892
22  17  114.18965203619999
22  18  0.1493499929994
22  19  104.3211887052
22  20  516.040221486
22  21  0.1043317489206
22  22  276.49863266939997
22  23  620.1614561819999
22  24  10.265072779020002
22  25  205.7584183512
22  26  1353.032313246
22  27  63.565937817000005
22  28  30.002139220860002
22  29  1242.268499118
22  30  121.7810889342
22  31  1044.8296066722
22  32  231.78236456760004
22  33  2647.23748014
22  34  935.787476352
22  35  598.7525729880001
22  36  573.71602332
22  37  0.073834668456
22  38  244.18518812580004
22  39  296.50295660280005
22  40  1.1136069844307999
22  41  1157.4841194402002
22  42  2267.283081462
22  43  14.00094012192
22  44  135.1356228336
22  45  245.356565805
22  46  19.555832300220004
22  47  137.6558885508
22  48  1537.6161619044
22  49  67.850219922996
22  50  259.8095004942
22  51  33.32984954471401
22  52  216.76400220126
22  53  17.465334707436
23  0  0.28452675887
23  1  3.9682473942599996
23  2  12.114330080999999
23  3  0.195696738896
23  4  14.350446008839999
23  5  0.513313406406
23  6  30.6480903036
23  7  2.01485041666
23  8  141.286269634
23  9  10.934270508020001
23  10  68.97459416640001
23  11  49.99785171876
23  12  140.38821024799998
23  13  165.741221726
23  14  538.824233788
23  15  284.018387534
23  16  510.74706538400005
23  17  226.69793179799998
23  18  0.339625005158
23  19  257.479493146
23  20  1204.5855513799997
23  21  0.26885103632199997
23  22  620.1614561819999
23  23  1451.3368033799998
23  24  24.9078901488
23  25  464.91097377
23  26  3152.9799275799996
23  27  149.999084942
23  28  69.9222222496
23  29  2865.1522493199996
23  30  281.697301924
23  31  2606.784406332
23  32  580.7080371359999
23  33  6469.0263098
23  34  2311.40527904
23  35  1337.32621468
23  36  1341.62767414
23  37  0.17555199408
23  38  589.660003548
23  39  752.409662388
23  40  2.795569935828
23  41  2904.7445966719997
23  42  5733.96347812
23  43  35.4189293168
23  44  342.631296674
23  45  540.7552023339999
23  46  47.797861404399995
23  47  342.397430738
23  48  3890.9251181239997
23  49  174.44807959496
23  50  654.938187432
23  51  85.68726971864001
23  52  552.5519925976
23  53  44.68840984416
24  0  0.004657485016300001
24  1  0.0650889784926
24  2  0.19398234256500002
24  3  0.0028610912481100005
24  4  0.25494412474690004
24  5  0.00692997703086
24  6  0.444588359001
24  7  0.027276910946600005
24  8  2.17337314034
24  9  0.1353635651062
24  10  0.888138282384
24  11  0.9133328453841001
24  12  2.2572613841800004
24  13  2.9435979678099997
24  14  8.45595702728
24  15  4.433581519540001
24  16  7.870131883540001
24  17  3.32110058748
24  18  0.00568967449348
24  19  4.60630778081
24  20  20.6298524668
24  21  0.00496088344232
24  22  10.265072779020002
24  23  24.9078901488
24  24  0.43990364091300005
24  25  7.74536490435
24  26  53.9224037138
24  27  2.5916894183200005
24  28  1.1959264636610003
24  29  48.5807129807
24  30  4.78811173319
24  31  47.00832761337
24  32  10.50391417026
24  33  114.868553488
24  34  41.3743370224
24  35  22.0533591788
24  36  23.0107995269
24  37  0.0030516047988
24  38  10.375521714930002
24  39  13.73500806408
24  40  0.05063925125748
24  41  52.604104273269996
24  42  104.41879474670002
24  43  0.6451360253680001
24  44  6.250864534990001
24  45  8.81061557564
24  46  0.8488597964390001
24  47  6.160700542330001
24  48  70.88578097583999
24  49  3.2139147263986008
24  50  11.89923432837
24  51  1.5785642428399
24  52  10.118915821541002
24  53  0.8205433538106001
25  0  0.09537862721360002
25  1  1.32775500906
25  2  4.14205853793
25  3  0.0720284354129
25  4  4.434296528171
25  5  0.19972101616079999
25  6  11.34586303959
25  7  0.78252514924
25  8  49.978660768
25  9  4.484414472956
25  10  27.645112012320002
25  11  14.978249005959
25  12  47.8265182142
25  13  51.2308946333
25  14  187.46171145640002
25  15  99.2559620252
25  16  180.4196880782
25  17  83.31164692499999
25  18  0.1114025727914
25  19  78.9598712101
25  20  386.68112943799997
25  21  0.0796093506946
25  22  205.7584183512
25  23  464.91097377
25  24  7.74536490435
25  25  153.3095853819
25  26  1013.5546213480002
25  27  47.722942297399996
25  28  22.475015502790004
25  29  928.901535745
25  30  91.1078756137
25  31  792.4061177463
25  32  175.9225184214
25  33  2000.01283634
25  34  708.388929392
25  35  445.248114832
25  36  430.035251293
25  37  0.055507035467999996
25  38  184.0854367707
25  39  225.5853621852
25  40  0.8455393228992001
25  41  878.7993119453001
25  42  1723.890339253
25  43  10.645973006
25  44  102.79744734350001
25  45  182.04344134180002
25  46  14.775151419370001
25  47  104.34008608370002
25  48  1169.2299610796
25  49  51.750177141374
25  50  197.4218598903
25  51  25.420719517541002
25  52  165.05910150919
25  53  13.308790847694
26  0  0.6215561679020001
26  1  8.66673541506
26  2  26.529787677600005
26  3  0.43271199805400007
26  4  31.04409975126
26  5  1.143747560462
26  6  67.8201314054
26  7  4.48827353306
26  8  310.763753034
26  9  24.549786201939998
26  10  154.3417669888
26  11  107.77788909294
26  12  307.302171132
26  13  358.55901893199996
26  14  1182.615676036
26  15  623.725081198
26  16  1123.200494908
26  17  501.156831578
26  18  0.739937993306
26  19  556.514148368
26  20  2617.5796617399997
26  21  0.578793366294
26  22  1353.032313246
26  23  3152.9799275799996
26  24  53.9224037138
26  25  1013.5546213480002
26  26  6852.619094140001
26  27  325.60322505
26  28  151.96573489540003
26  29  6233.43825642
26  30  612.683464858
26  31  5628.609786758
26  32  1253.3876469640002
26  33  13995.220228600001
26  34  4995.49872448
26  35  2918.95444332
26  36  2914.8574782000005
26  37  0.38079088504
26  38  1277.125718462
26  39  1622.078099692
26  40  6.032792290212
26  41  6268.583278878
26  42  12365.38058018
26  43  76.3793854848
26  44  738.717008284
26  45  1181.91964069
26  46  103.4049039778
26  47  739.5194751120001
26  48  8390.386916516
26  49  375.63538446844007
26  50  1412.803679138
26  51  184.50982507846
26  52  1190.7255100913999
26  53  96.26869102804001
27  0  0.0290908354266
27  1  0.405909504654
27  2  1.23255845358
27  3  0.0195295475928
27  4  1.4952734946919999
27  5  0.050421858212199994
27  6  3.05364428668
27  7  0.198020762894
27  8  14.2504675726
27  9  1.0569045672939998
27  10  6.7150023804800005
27  11  5.244740708627999
27  12  14.2966171304
27  13  17.2684899802
27  14  54.581287443600004
27  15  28.7371628098
27  16  51.533953952800005
27  17  22.632786116199995
27  18  0.0349065495066
27  19  26.873420435
27  20  124.43618611
27  21  0.0282717916414
27  22  63.565937817000005
27  23  149.999084942
27  24  2.5916894183200005
27  25  47.722942297399996
27  26  325.60322505
27  27  15.527110152199999
27  28  7.2209155672800005
27  29  295.293001828
27  30  29.049165526799996
27  31  272.5949163196
27  32  60.7701460448
27  33  673.97268646
27  34  241.27654076800002
27  35  136.95928992400002
27  36  138.640432834
27  37  0.01819797752
27  38  61.3006720444
27  39  78.9138398924
27  40  0.2926535022924
27  41  304.06458218959995
27  42  601.032588356
27  43  3.7127945979200003
27  44  35.930409136600005
27  45  55.230806531400006
27  46  4.97997786348
27  47  35.78567569340001
27  48  407.8874559252
27  49  18.337542513448
27  50  68.6118719536
27  51  9.007116928432
27  52  57.997601274880004
27  53  4.693662135247999
28  0  0.01378191347606
28  1  0.1921707923862
28  2  0.588212109153
28  3  0.009591519217910002
28  4  0.6885301408569
28  5  0.025347220855099998
28  6  1.503273685301
28  7  0.0994677781922
28  8  6.88937380698
28  9  0.543952300219
28  10  3.4200699239200003
28  11  2.3906464035981
28  12  6.81351425898
28  13  7.9525075562500005
28  14  26.2191142036
28  15  13.828048375300002
28  16  24.900541404100004
28  17  11.10873208796
28  18  0.016408004537
28  19  12.34327564973
28  20  58.048495500399994
28  21  0.0128388070092
28  22  30.002139220860002
28  23  69.9222222496
28  24  1.1959264636610003
28  25  22.475015502790004
28  26  151.96573489540003
28  27  7.2209155672800005
28  28  3.3700387196410007
28  29  138.23076982589998
28  30  13.58678309995
28  31  124.84388146517
28  32  27.800724709060006
28  33  310.4008384
28  34  110.79850693600002
28  35  64.7241483228
28  36  64.6413572961
28  37  0.0084449826724
28  38  28.324578985130003
28  39  35.97960303688
28  40  0.13381082443908002
28  41  139.04068788387
28  42  274.2763807967
28  43  1.6941716301360001
28  44  16.38557881183
28  45  26.206613316760002
28  46  2.293424807035
28  47  16.402588391730003
28  48  186.10736065423998
28  49  8.332305918058601
28  50  31.33713051857
28  51  4.092777442849901
28  52  26.411991099441003
28  53  2.1353968467346
29  0  0.57242193939
29  1  7.977207058139999
29  2  24.577459369499998
29  3  0.409984745109
29  4  27.918110948109998
29  5  1.1027134008139998
29  6  64.3735653119
29  7  4.32476704474
29  8  290.871407426
29  9  24.071889486379998
29  10  150.21983208160003
29  11  96.07553001879
29  12  284.37750134199996
29  13  322.48410191899995
29  14  1101.341589072
29  15  581.648473946
29  16  1050.8558296459998
29  17  474.6103406719999
29  18  0.6770772017519999
29  19  499.39119577899993
29  20  2380.0868511199997
29  21  0.514261221068
29  22  1242.268499118
29  23  2865.1522493199996
29  24  48.5807129807
29  25  928.901535745
29  26  6233.43825642
29  27  295.293001828
29  28  138.23076982589998
29  29  5684.335348729999
29  30  558.3172308809999
29  31  5038.225396703
29  32  1120.835481694
29  33  12587.917461199999
29  34  4481.95005776
29  35  2682.7659057200003
29  36  2649.2482015099995
29  37  0.34472195691999996
29  38  1151.916214067
29  39  1446.281273152
29  40  5.392327624211999
29  41  5603.518874113
29  42  11033.84620573
29  43  68.15001933519999
29  44  658.7846071609999
29  45  1089.867784656
29  46  93.00260585609999
29  47  662.418724027
29  48  7485.877924295999
29  49  333.92533882334
29  50  1261.6060130029998
29  51  164.02484860481
29  52  1060.5818482379
29  53  85.67324401413998
30  0  0.056066792679800005
30  1  0.781462486758
30  2  2.40327926199
30  3  0.039839678124500004
30  4  2.7530375389949997
30  5  0.1066436296382
30  6  6.252307840549999
30  7  0.41831450541799997
30  8  28.3608265842
30  9  2.3173715086539994
30  10  14.49045952048
30  11  9.498144706575
30  12  27.816051482999995
30  13  31.7996795767
30  14  107.5354949776
30  15  56.770898381799995
30  16  102.47371833580002
30  17  46.125597814399995
30  18  0.0664380386936
30  19  49.27621989709999
30  20  233.96558696799997
