0  0  0.0003232388076049
0  1  0.0005298034480139999
0  2  0.004568883030929999
0  3  5.29911631186e-05
0  4  0.01323022507442
0  5  0.000851335428842
0  6  0.026517267042320002
0  7  0.005067754996520001
0  8  0.0300985690429
0  9  0.014158015201022
0  10  0.11519426965099999
0  11  0.014638078452199998
0  12  0.1236848776162
0  13  0.10938323864084
0  14  0.2330949034315
0  15  0.29250733180340005
0  16  0.374308028799
0  17  0.31723880041400004
0  18  9.8607759582e-05
0  19  0.32748785646399997
0  20  0.1422480386056
0  21  0.0017885120431810004
0  22  0.39201824543319996
0  23  1.7342409853910001
0  24  0.017339250571240004
0  25  0.375232604012
0  26  1.207900423365
0  27  0.0749220397274
0  28  0.295957618809
0  29  2.7456071823899997
0  30  0.2853574019402
0  31  0.0947880697732
0  32  3.6597784884370004
0  33  0.63428273211
0  34  1.7385076210340003
0  35  0.7251644916635
0  36  5.477995701648001
0  37  3.0718787996060004
0  38  1.202780632042
0  39  1.8460518345180001
0  40  0.00089027626986
0  41  1.1874529263345
0  42  1.8618115710981002
0  43  0.023518107735840003
0  44  3.759930126279
0  45  9.573553233582
0  46  0.19955017228650002
0  47  0.5511213461066
0  48  0.32628267854700005
0  49  0.1403698902151
0  50  0.2525642839182
0  51  3.1353874153220005
0  52  0.26982629106029
0  53  0.0001369546538496
0  54  5.818448758859001
0  55  1.0106469278143
0  56  2.379719422261
0  57  0.39610931300412006
1  0  0.0005298034480139999
1  1  0.0022587383626199997
1  2  0.0124660209294
1  3  0.00016456772199
1  4  0.0418552723122
1  5  0.0013148328821999998
1  6  0.028987419199200004
1  7  0.0112790825088
1  8  0.1290518234418
1  9  0.016697867187119998
1  10  0.455631977796
1  11  0.08746963684260001
1  12  0.3918900123299999
1  13  0.12447636125639999
1  14  0.42417796735200003
1  15  0.35929052228400005
1  16  1.2908298431340002
1  17  1.08825988065
1  18  8.931785376600001e-05
1  19  1.2696626512199998
1  20  0.9807818443427999
1  21  0.0027715255248000003
1  22  0.416832144672
1  23  2.92244814042
1  24  0.031195177768200005
1  25  1.08848983092
1  26  2.72166276852
1  27  0.113914191786
1  28  0.785370423204
1  29  5.91196510278
1  30  0.5521340197319999
1  31  0.131729074698
1  32  6.50112895002
1  33  1.18473525702
1  34  2.42297068758
1  35  0.92882595381
1  36  8.28302112108
1  37  4.15856705856
1  38  2.74498283532
1  39  3.4554432504599997
1  40  0.0016457215338
1  41  1.2239579198700001
1  42  1.778882384106
1  43  0.0252126272142
1  44  4.50914651154
1  45  10.66323049092
1  46  0.221108666094
1  47  0.587142807936
1  48  1.7340484789440003
1  49  0.20839874070000003
1  50  0.39456693381600005
1  51  3.9669782935200004
1  52  0.2603660744634
1  53  0.000272438500788
1  54  5.90491127274
1  55  0.9649692800579999
1  56  2.38869619464
1  57  0.3884807312352
2  0  0.004568883030929999
2  1  0.0124660209294
2  2  0.08239854695299999
2  3  0.0010272200813
2  4  0.259213516114
2  5  0.011745022389
2  6  0.322991915304
2  7  0.082273583156
2  8  0.710821964866
2  9  0.1768218978694
2  10  2.5834440050200005
2  11  0.43414840281200007
2  12  2.4254445021
2  13  1.349890922068
2  14  3.4455290599899997
2  15  3.70440106458
2  16  7.71549319158
2  17  6.5185143530000005
2  18  0.00113494479892
2  19  7.2526523864
2  20  4.687096808735999
2  21  0.0247075441385
2  22  4.73305565964
2  23  24.7991756779
2  24  0.255020589084
2  25  6.9987741003999995
2  26  19.729105124900002
2  27  1.02718733882
2  28  5.25825986498
2  29  43.862424968599996
2  30  4.335658124339999
2  31  1.25519640476
2  32  53.5290709049
2  33  9.4849010574
2  34  23.0463549946
2  35  9.32008657095
2  36  74.93937288960001
2  37  40.2826844222
2  38  19.7702638034
2  39  27.6316032502
2  40  0.013251504906000001
2  41  14.198390205649998
2  42  21.759923050970002
2  43  0.28468429210400004
2  44  47.225874752299994
2  45  117.31844892539999
2  46  2.44124036053
2  47  6.65806567682
2  48  8.90515675878
2  49  1.90649455275
2  50  3.5004776674199998
2  51  40.1218381874
2  52  3.162753854033
2  53  0.00210751839056
2  54  69.24044774629999
2  55  11.80956906171
2  56  28.2245722993
2  57  4.665380634124
3  0  5.29911631186e-05
3  1  0.00016456772199
3  2  0.0010272200813
3  3  1.30309269846e-05
3  4  0.00329633263218
3  5  0.000135064342532
3  6  0.00353809475768
3  7  0.00099695892016
3  8  0.00939008811314
3  9  0.001957294378368
3  10  0.033798477778800004
3  11  0.005947713767380001
3  12  0.030849790388200002
3  13  0.01486866693396
3  14  0.0405676404476
3  15  0.0412378837556
3  16  0.0992213868702
3  17  0.08377142386900001
3  18  1.2124182695800001e-05
3  19  0.09465197217
3  20  0.06510774736564001
3  21  0.00028426627983600005
3  22  0.0516512954608
3  23  0.288776716662
3  24  0.0029976882481000003
3  25  0.08797871854800002
3  26  0.239486127776
3  27  0.0117858778282
3  28  0.0653026248812
3  29  0.529019741894
3  30  0.0514995033308
3  31  0.014218442502600001
3  32  0.6280683804780001
3  33  0.112094214246
3  34  0.261167644038
3  35  0.10436357369900001
3  36  0.8591688036120001
3  37  0.454613597704
3  38  0.24041928094800002
3  39  0.326654600566
3  40  0.00015637536810000002
3  41  0.15429493169300001
3  42  0.2340851869454
3  43  0.0031101912695000004
3  44  0.523972579886
3  45  1.288421620668
3  46  0.026791193048199997
3  47  0.0726778360504
3  48  0.12052106487120003
3  49  0.0218005330816
3  50  0.0403207056
3  51  0.448498290688
3  52  0.03406820502525999
3  53  2.5132945082e-05
3  54  0.750870866326
3  55  0.1270314735382
3  56  0.30562800102800003
3  57  0.05036251838128
4  0  0.01323022507442
4  1  0.0418552723122
4  2  0.259213516114
4  3  0.00329633263218
4  4  0.8341304608860001
4  5  0.0336768290596
4  6  0.875356046056
4  7  0.250551117536
4  8  2.3884377694300003
4  9  0.48508056419760004
4  10  8.585781159000001
4  11  1.5200150372299999
4  12  7.806696302060001
4  13  3.6819678597719996
4  14  10.1517278296
4  15  10.229446987720001
4  16  25.1465383545
4  17  21.2289517307
4  18  0.0029870930333
4  19  24.036392242199998
4  20  16.668268032140002
4  21  0.07088401223280001
4  22  12.77104691456
4  23  72.1426084998
4  24  0.7499611857020001
4  25  22.2270095196
4  26  60.201871186000005
4  27  2.9376546438199997
4  28  16.469854039
4  29  132.859298293
4  30  12.904429383159998
4  31  3.5368450452599998
4  32  157.0864745046
4  33  28.066543316999997
4  34  64.9697706402
4  35  25.9128384283
4  36  214.1231854884
4  37  113.0186784848
4  38  60.4523643636
4  39  81.79267907539999
4  40  0.039145018878
4  41  38.1236453101
4  42  57.740786945980005
4  43  0.7691521698819999
4  44  129.90620559820002
4  45  318.90122233560004
4  46  6.6303942965000005
4  47  17.970747709279998
4  48  30.7526595864
4  49  5.43093626588
4  50  10.05609748536
4  51  111.3285747176
4  52  8.405300126582
4  53  0.0063013951250800015
4  54  185.4629886422
4  55  31.333831426939998
4  56  75.4707426448
4  57  12.429918092096
5  0  0.000851335428842
5  1  0.0013148328821999998
5  2  0.011745022389
5  3  0.000135064342532
5  4  0.0336768290596
5  5  0.00224688452644
5  6  0.0706788694096
5  7  0.0131750640232
5  8  0.0746543858948
5  9  0.03766590429196
5  10  0.287937390316
5  11  0.0348759709816
5  12  0.314798511044
5  13  0.29126495359119997
5  14  0.611477140382
5  15  0.777355908532
5  16  0.9466017923640001
5  17  0.8026110734800002
5  18  0.000263898482856
5  19  0.8200689848
5  20  0.3313369571648
5  21  0.004719787341620001
5  22  1.045559677976
5  23  4.5629538069399995
5  24  0.045506752556
5  25  0.96084648856
5  26  3.13835056482
5  27  0.197841938164
5  28  0.7620874668839999
5  29  7.14950078508
5  30  0.7466741190759999
5  31  0.251018695352
5  32  9.60988554866
5  33  1.6621456297200001
5  34  4.60353155956
5  35  1.9249614460300002
5  36  14.46806052864
5  37  8.141380401880001
5  38  3.12302913956
5  39  4.83717706092
5  40  0.002333974338
5  41  3.1693188872099998
5  42  4.977306049938
5  43  0.062713687464
5  44  9.99856897542
5  45  25.50579384396
5  46  0.5317070680739999
5  47  1.469840880388
5  48  0.789877985484
5  49  0.37095706722200006
5  50  0.66631899102
5  51  8.32577646436
5  52  0.7211965519521999
5  53  0.0003579279528
5  54  15.53482757422
5  55  2.701868686454
5  56  6.35520331106
5  57  1.0583654779415999
6  0  0.026517267042320002
6  1  0.028987419199200004
6  2  0.322991915304
6  3  0.00353809475768
6  4  0.875356046056
6  5  0.0706788694096
6  6  2.3260854861760003
6  7  0.384788218816
6  8  1.63918794596
6  9  1.2292239479296
6  10  6.6720987256
6  11  0.53996744644
6  12  8.177166660560001
6  13  9.544004647312
6  14  18.6836336888
6  15  25.247024425120003
6  16  23.654942828400003
6  17  20.108363693200005
6  18  0.0088421935644
6  19  19.2354024392
6  20  3.88562043752
6  21  0.14838772045280002
6  22  34.509555493760004
6  23  141.4380998968
6  24  1.3935502592720002
6  25  25.8532060816
6  26  91.367742528
6  27  6.238836467920001
6  28  21.1528747224
6  29  210.540399756
6  30  22.53069484336
6  31  8.02209999656
6  32  295.00156930160006
6  33  50.523252684
6  34  147.06117254320003
6  35  62.194081106800006
6  36  456.63653852640005
6  37  261.1294799008
6  38  90.61757286560001
6  39  146.9694423864
6  40  0.071092936008
6  41  104.93453937960001
6  42  165.98654410008
6  43  2.068166946552
6  44  325.6659531672
6  45  837.7286156976
6  46  17.473551536400002
6  47  48.503643858880004
6  48  14.281074868800001
6  49  11.74106175488
6  50  20.921357736959997
6  51  269.4179408896
6  52  24.029252698072
6  53  0.010735867118880003
6  54  515.1351184312
6  55  90.10933776824
6  56  210.96266542880002
6  57  35.210160954816004
7  0  0.005067754996520001
7  1  0.0112790825088
7  2  0.082273583156
7  3  0.00099695892016
7  4  0.250551117536
7  5  0.0131750640232
7  6  0.384788218816
7  7  0.085808782128
7  8  0.642337010976
7  9  0.20805556682959997
7  10  2.37652706552
7  11  0.365219557272
7  12  2.3435986227199996
7  13  1.5977293109119999
7  14  3.7445423504399997
7  15  4.32906364552
7  16  7.31662895808
7  17  6.1887714444
7  18  0.00139137976552
7  19  6.7014032008
7  20  3.8287109680159994
7  21  0.027698435311600003
7  22  5.66349597776
7  23  27.36045791
7  24  0.27777974328800004
7  25  6.8952531296
7  26  20.5237216844
7  27  1.15563105696
7  28  5.282084150479999
7  29  46.064371529599995
7  30  4.654349982159999
7  31  1.4355617192799999
7  32  58.452789091599996
7  33  10.254596966400001
7  34  26.34444548
7  35  10.8137801038
7  36  84.3968673264
7  37  46.2872431368
7  38  20.5112572456
7  39  29.861209936
7  40  0.014356598112000001
7  41  17.072501234599997
7  42  26.468340648679998
7  43  0.340206794168
7  44  55.41285284119999
7  45  139.34352986160002
7  46  2.90199364228
7  47  7.9644922648800005
7  48  7.679653624080001
7  49  2.15438438276
7  50  3.9182411546399996
7  51  46.650724437600005
7  52  3.8414407623719997
7  53  0.0022497348027200005
7  54  83.4566562732
7  55  14.366392082839997
7  56  34.076980796399994
7  57  5.6526794832160006
8  0  0.0300985690429
8  1  0.1290518234418
8  2  0.710821964866
8  3  0.00939008811314
8  4  2.3884377694300003
8  5  0.0746543858948
8  6  1.63918794596
8  7  0.642337010976
8  8  7.373455549398002
8  9  0.9451978186839999
8  10  26.02512013276
8  11  5.002597623246001
8  12  22.36305459838
8  13  7.04278684678
8  14  24.12004744992
8  15  20.348419780999997
8  16  73.68923319354
8  17  62.12373980910001
8  18  0.00503620339586
8  19  72.51592754779999
8  20  56.11211962298801
8  21  0.1573685522984
8  22  23.561903382399997
8  23  166.06871437659998
8  24  1.773682919878
8  25  62.086945558
8  26  155.0099594692
8  27  6.466886349419999
8  28  44.77542444124
8  29  336.6058983058
8  30  31.411574415799997
8  31  7.471210922059999
8  32  369.598728359
8  33  67.3820839122
8  34  137.4266923234
8  35  52.6307898755
8  36  470.199456906
8  37  235.79081484
8  38  156.35146531400002
8  39  196.53249024980002
8  40  0.09359286118200001
8  41  69.1542587365
8  42  100.39058812149999
8  43  1.425338824378
8  44  255.29889323499998
8  45  603.143064246
8  46  12.505650357139999
8  47  33.189825463199995
8  48  99.14327634384001
8  49  11.827907614839999
8  50  22.40547246744
8  51  224.75103262800002
8  52  14.695973493029998
8  53  0.015502673749720001
8  54  333.553293399
8  55  54.45709817589999
8  56  134.9089153248
8  57  21.932803715840002
9  0  0.014158015201022
9  1  0.016697867187119998
9  2  0.1768218978694
9  3  0.001957294378368
9  4  0.48508056419760004
9  5  0.03766590429196
9  6  1.2292239479296
9  7  0.20805556682959997
9  8  0.9451978186839999
9  9  0.65058833263116
9  10  3.79666551642
9  11  0.34404228131000003
9  12  4.532048245256
9  13  5.047573373035201
9  14  10.01249960095
9  15  13.374304048252
9  16  13.22458466028
9  17  11.235257293820002
9  18  0.0046574990525
9  19  10.913721162119998
9  20  2.7311549909
9  21  0.07908625460778
9  22  18.227023026296
9  23  75.58638981138
9  24  0.7464771957692
9  25  14.21925195936
9  26  49.4342627485
9  27  3.323215807352
9  28  11.557578608379998
9  29  113.65087116039999
9  30  12.103653407356
9  31  4.262380120236
9  32  157.94766207486
9  33  27.102653751600002
9  34  78.14386882512001
9  35  32.97835649353
9  36  243.19500909144
9  37  138.65179758668
9  38  49.061583176759996
9  39  78.84679542824
9  40  0.0381215115288
9  41  55.39197623491
9  42  87.505333945918
9  43  1.0925188790572
9  44  172.42641029362
9  45  442.86166618596
9  46  9.23636801843
9  47  25.619255975348
9  48  8.678072907419999
9  49  6.249716708437999
9  50  11.153230314155998
9  51  142.81748310116
9  52  12.6698881350062
9  53  0.005774180860168
9  54  271.84992652202004
9  55  47.503603667953996
9  56  111.30890251978
9  57  18.5703017196536
10  0  0.11519426965099999
10  1  0.455631977796
10  2  2.5834440050200005
10  3  0.033798477778800004
10  4  8.585781159000001
10  5  0.287937390316
10  6  6.6720987256
10  7  2.37652706552
10  8  26.02512013276
10  9  3.79666551642
10  10  92.25804894120002
10  11  17.39845905752
10  12  80.38056023959999
10  13  28.4633641884
10  14  91.1532939754
10  15  81.18593291799999
10  16  263.3779244148
10  17  222.11591157200002
10  18  0.021265426983199998
10  19  257.357366016
10  20  194.17044484256004
10  21  0.6066894534780001
10  22  96.39100389199999
10  23  633.382759362
10  24  6.711889090160001
10  25  224.58580260000002
10  26  572.834569654
10  27  24.9949515884
10  28  163.09866213880002
10  29  1249.400238196
10  30  117.89519779
10  31  29.2447365912
10  32  1400.70377247
10  33  253.891664964
10  34  537.707189388
10  35  208.581857905
10  36  1818.71654928
10  37  926.5552896199999
10  38  577.09574142
10  39  740.345939636
10  40  0.35306659403999996
10  41  284.55680459499996
10  42  419.25863508699996
10  43  5.822234892159999
10  44  1022.6142853299999
10  45  2446.8080250599996
10  46  50.779435071799995
10  47  135.730045886
10  48  346.4266047108
10  49  45.8649011378
10  50  86.28504520679999
10  51  892.4441866999999
10  52  61.252776179899996
10  53  0.05801183155840001
10  54  1376.5771936099998
10  55  227.45921762899997
10  56  557.950189846
10  57  91.12124387719999
11  0  0.014638078452199998
11  1  0.08746963684260001
11  2  0.43414840281200007
11  3  0.005947713767380001
11  4  1.5200150372299999
11  5  0.0348759709816
11  6  0.53996744644
11  7  0.365219557272
11  8  5.002597623246001
11  9  0.34404228131000003
11  10  17.39845905752
11  11  3.5609435370420006
11  12  14.237464870460002
11  13  2.4512383043
11  14  12.47905059834
11  15  7.7612736844
11  16  47.87389326258
11  17  40.3116739197
11  18  0.00116443852222
11  19  48.2908078546
11  20  40.574869187876
11  21  0.0736923695278
11  22  7.448284849999999
11  23  82.1861797892
11  24  0.911927269946
11  25  38.608744598
11  26  88.5700637234
11  27  2.98717909974
11  28  27.112010300480005
11  29  188.7917315066
11  30  16.776787208800002
11  31  3.2135753528200004
11  32  188.6808001
11  33  35.3491894794
11  34  59.2564817858
11  35  20.980548937
11  36  216.31382499
11  37  99.100654746
11  38  89.78600553999999
11  39  103.2166154026
11  40  0.04883218277400001
11  41  20.796479165
11  42  26.2076171996
11  43  0.45623954204600004
11  44  94.77787201400001
11  45  203.978968044
11  46  4.19900236228
11  47  10.523113959
11  48  69.52794710868002
11  49  5.367213014779999
11  50  10.55193592908
11  51  88.47730789799999
11  52  3.9149902469999995
11  53  0.00839185109204
11  54  97.682543622
11  55  14.1960899066
11  56  38.747068800600005
11  57  6.033030589
12  0  0.1236848776162
12  1  0.3918900123299999
12  2  2.4254445021
12  3  0.030849790388200002
12  4  7.806696302060001
12  5  0.314798511044
12  6  8.177166660560001
12  7  2.3435986227199996
12  8  22.36305459838
12  9  4.532048245256
12  10  80.38056023959999
12  11  14.237464870460002
12  12  73.0636871494
12  13  34.39784198732
12  14  94.92321035919998
12  15  95.57983744520001
12  16  235.37839004339997
12  17  198.70720802300002
12  18  0.0278941515786
12  19  225.02396538999997
12  20  156.14822806588
12  21  0.6626016037119999
12  22  119.29489063359998
12  23  674.471187254
12  24  7.012328502699999
12  25  207.99683831599998
12  26  563.1265996919999
12  27  27.459304429399996
12  28  154.1004999804
12  29  1242.664954698
12  30  120.6755124236
12  31  33.054575594199996
12  32  1468.764691126
12  33  262.447124682
12  34  607.1964571460001
12  35  242.13835688299997
12  36  2001.4650284040001
12  37  1056.1954599679998
12  38  565.482044116
12  39  764.837164122
12  40  0.3660338727
12  41  356.09365178099995
12  42  539.2504079718001
12  43  7.1847945165
12  44  1213.736224062
12  45  2979.131779356
12  46  61.9396288194
12  47  167.8661317568
12  48  288.01308431039996
12  49  50.7626350372
12  50  94.00267649999999
12  51  1040.267804696
12  52  78.49989233942
12  53  0.058930275293999995
12  54  1732.265013542
12  55  292.6312673494
12  56  704.898693976
12  57  116.09068246176
13  0  0.10938323864084
13  1  0.12447636125639999
13  2  1.349890922068
13  3  0.01486866693396
13  4  3.6819678597719996
13  5  0.29126495359119997
13  6  9.544004647312
13  7  1.5977293109119999
13  8  7.04278684678
13  9  5.047573373035201
13  10  28.4633641884
13  11  2.4512383043
13  12  34.39784198732
13  13  39.175537432344
13  14  77.21821765599998
13  15  103.71977083144
13  16  99.9651024906
13  17  84.9509793854
13  18  0.036218868101
13  19  81.9305853564
13  20  18.664990143799997
13  21  0.6115325506416001
13  22  141.55522829311997
13  23  583.7115291036
13  24  5.758157740124
13  25  108.3139042392
13  26  379.50677314
13  27  25.70374308044
13  28  88.3143075676
13  29  873.454618018
13  30  93.23644904631999
13  31  33.00766186092
13  32  1218.6486402492
13  33  208.91930992200002
13  34  605.1202891764001
13  35  255.63329911659997
13  36  1881.1637107368
13  37  1074.0633080096
13  38  376.5241833672
13  39  607.7617120627999
13  40  0.29391489543599997
13  41  430.30539236019996
13  42  680.20260749596
13  43  8.484119592484
13  44  1337.5340155564
13  45  3437.8805301912003
13  46  71.7043481186
13  47  198.96151113055998
13  48  63.1389210864
13  49  48.35521982936
13  50  86.23180051631999
13  51  1107.2101918352
13  52  98.47869688396398
13  53  0.044454420382960005
13  54  2112.1136154044
13  55  369.26035572187993
13  56  864.8851165216
13  57  144.321568126592
14  0  0.2330949034315
14  1  0.42417796735200003
14  2  3.4455290599899997
14  3  0.0405676404476
14  4  10.1517278296
14  5  0.611477140382
14  6  18.6836336888
14  7  3.7445423504399997
14  8  24.12004744992
14  9  10.01249960095
14  10  91.1532939754
14  11  12.47905059834
14  12  94.92321035919998
14  13  77.21821765599998
14  14  169.36633880429997
14  15  207.293715263
14  16  290.4432203016
14  17  245.98593426900004
14  18  0.0689176582694
14  19  258.363851342
14  20  125.22963814252002
14  21  1.2848915321810002
14  22  275.85506934999995
14  23  1253.023048909
14  24  12.587816266419999
14  25  284.93364796
14  26  893.521061593
14  27  53.7587588448
14  28  222.5196031846
14  29  2022.6937736319996
14  30  208.335466151
14  31  67.6378272314
14  32  2654.3769998749995
14  33  461.79245608799994
14  34  1240.755035716
14  35  515.0628733025
14  36  3929.2310912999997
14  37  2188.64986167
14  38  890.7898455500001
14  39  1344.248405552
14  40  0.6476496004799999
14  41  834.4146314874998
14  42  1304.0349409794999
14  43  16.55543975842
14  44  2661.273175404999
14  45  6751.36454313
14  46  140.68977523310002
14  47  387.84704410499995
14  48  271.6243353486
14  49  100.5672723331
14  50  181.54218585659999
14  51  2225.4889502100004
14  52  189.06705382874998
14  53  0.1002143072908
14  54  4085.7823150649997
14  55  707.8490808444999
14  56  1670.267195637
14  57  277.743097415
15  0  0.29250733180340005
15  1  0.35929052228400005
15  2  3.70440106458
15  3  0.0412378837556
15  4  10.229446987720001
15  5  0.777355908532
15  6  25.247024425120003
15  7  4.32906364552
15  8  20.348419780999997
15  9  13.374304048252
15  10  81.18593291799999
15  11  7.7612736844
15  12  95.57983744520001
15  13  103.71977083144
15  14  207.293715263
15  15  275.0792250244
15  16  280.193329542
15  17  237.97131864400004
15  18  0.095480684484
15  19  233.022391184
15  20  64.1206503872
15  21  1.632291357626
15  22  374.2509214712
15  23  1562.4522221260002
15  24  15.450926427440002
15  25  298.645310392
15  26  1028.95647393
15  27  68.5668229924
15  28  241.872250242
15  29  2362.5787959
15  30  250.9326526132
15  31  87.8183717432
15  32  3268.4017076420005
15  33  561.4395747000001
15  34  1610.0777419240003
15  35  678.6659043910001
15  36  5017.2962359680005
15  37  2855.553373996
15  38  1021.583211572
15  39  1633.4122011480001
15  40  0.78951739716
15  41  1136.974841877
15  42  1794.7786174746002
15  43  22.434413891040002
15  44  3545.344944414
15  45  9097.857759612001
15  46  189.734596437
15  47  526.0448188756
15  48  191.63315847
15  49  128.8972909646
15  50  230.2282580892
15  51  2938.574140852
15  52  259.89034641514
15  53  0.11978932301760001
15  54  5579.0943474939995
15  55  974.3165740238
15  56  2284.1045781860003
15  57  380.98232767992
16  0  0.374308028799
16  1  1.2908298431340002
16  2  7.71549319158
16  3  0.0992213868702
16  4  25.1465383545
16  5  0.9466017923640001
16  6  23.654942828400003
16  7  7.31662895808
16  8  73.68923319354
16  9  13.22458466028
16  10  263.3779244148
16  11  47.87389326258
16  12  235.37839004339997
16  13  99.9651024906
16  14  290.4432203016
16  15  280.193329542
16  16  763.4053476341999
16  17  644.204870613
16  18  0.0789634590078
16  19  736.260653514
16  20  528.9330158552401
16  21  1.9931731137120003
16  22  344.001593328
16  23  2047.183788498
16  24  21.43073363514
16  25  665.1671145
16  26  1760.1379001159999
16  27  82.4300419986
16  28  489.0001004052
16  29  3867.1488215339996
16  30  371.56713176999995
16  31  98.2509588498
16  32  4482.8294877299995
16  33  805.188408606
16  34  1805.3955715020002
16  35  713.195566545
16  36  6004.57902102
16  37  3130.27766928
16  38  1769.65765878
16  39  2347.033007694
16  40  1.12179555666
16  41  1023.174384855
16  42  1535.956567053
16  43  20.737766998140003
16  44  3548.43532977
16  45  8636.561660340001
16  46  179.4571337622
16  47  484.170569424
16  48  962.0545338432
16  49  151.9886578812
16  50  283.0178314872
16  51  3059.7774714
16  52  223.8475391541
16  53  0.1819579869636
16  54  4968.47592189
16  55  833.440989381
16  56  2019.230312184
16  57  331.66094472480006
17  0  0.31723880041400004
17  1  1.08825988065
17  2  6.5185143530000005
17  3  0.08377142386900001
17  4  21.2289517307
17  5  0.8026110734800002
17  6  20.108363693200005
17  7  6.1887714444
17  8  62.12373980910001
17  9  11.235257293820002
17  10  222.11591157200002
17  11  40.3116739197
17  12  198.70720802300002
17  13  84.9509793854
17  14  245.98593426900004
17  15  237.97131864400004
17  16  644.204870613
17  17  543.6302852850001
17  18  0.067223887627
17  19  620.9684948500001
17  20  445.1901891866
17  21  1.6899449107900002
17  22  292.488493892
17  23  1734.7266339800003
17  24  18.151774134500002
17  25  561.78950102
17  26  1488.7021796900003
17  27  69.89909766299999
17  28  413.1997183280001
17  29  3271.6891636100004
17  30  314.565918592
17  31  83.368980109
17  32  3797.2676927200005
17  33  681.8231604900001
17  34  1531.9019527700002
17  35  605.5340715100001
17  36  5091.968386380001
17  37  2656.6490934600006
17  38  1496.6390705200001
17  39  1987.4095948900003
17  40  0.9499869135000001
17  41  870.16883807
17  42  1307.0502500960001
17  43  17.631229095500004
17  44  3014.27292314
17  45  7340.619745320002
17  46  152.53519655800002
17  47  411.66141324600005
17  48  810.403664778
17  49  128.905391099
17  50  239.94764319000006
17  51  2598.1232296200005
17  52  190.4722618224
17  53  0.15401680565
17  54  4226.004502740001
17  55  709.2356549180001
17  56  1717.6319942700002
17  57  282.17466703720004
18  0  9.8607759582e-05
18  1  8.931785376600001e-05
18  2  0.00113494479892
18  3  1.2124182695800001e-05
18  4  0.0029870930333
18  5  0.000263898482856
18  6  0.0088421935644
18  7  0.00139137976552
18  8  0.00503620339586
18  9  0.0046574990525
18  10  0.021265426983199998
18  11  0.00116443852222
18  12  0.0278941515786
18  13  0.036218868101
18  14  0.0689176582694
18  15  0.095480684484
18  16  0.0789634590078
18  17  0.067223887627
18  18  3.38415999602e-05
18  19  0.061790378686
18  20  0.00451448945916
18  21  0.000553923386098
18  22  0.13132728174
18  23  0.524892841772
18  24  0.00514521088086
18  25  0.08984684858
18  26  0.329904366094
18  27  0.0233179762234
18  28  0.0746693867968
18  29  0.764160569206
18  30  0.08266140424799999
18  31  0.0301452178462
18  32  1.0903216594
18  33  0.185948670054
18  34  0.5525330264780001
18  35  0.23472807987000002
18  36  1.7073040245
18  37  0.9826880800600001
18  38  0.3266933758
18  39  0.540814516166
18  40  0.00026188945434
18  41  0.39981066055
18  42  0.634153717756
18  43  0.00786792991186
18  44  1.2330021735399999
18  45  3.18201487044
18  46  0.0663856406348
18  47  0.18456818281
18  48  0.0371699892588
18  49  0.0439486094298
18  50  0.0780564344628
18  51  1.0174388435800001
18  52  0.09177278459799999
18  53  3.9285310356400004e-05
18  54  1.96385416882
18  55  0.344271963966
18  56  0.804579721946
18  57  0.13439841337400002
19  0  0.32748785646399997
19  1  1.2696626512199998
19  2  7.2526523864
19  3  0.09465197217
19  4  24.036392242199998
19  5  0.8200689848
19  6  19.2354024392
19  7  6.7014032008
19  8  72.51592754779999
19  9  10.913721162119998
19  10  257.357366016
19  11  48.2908078546
19  12  225.02396538999997
19  13  81.9305853564
19  14  258.363851342
19  15  233.022391184
19  16  736.260653514
19  17  620.9684948500001
19  18  0.061790378686
19  19  718.1189968199999
19  20  538.2117878787999
19  21  1.7277201080999998
19  22  278.197483672
19  23  1799.17965912
19  24  19.030126124200002
19  25  629.74034892
19  26  1614.8293734199997
19  27  71.222612926
19  28  458.13387298400005
19  29  3525.885315379999
19  30  333.60825303199994
19  31  83.57657521799999
19  32  3972.80985252
19  33  719.1147904200001
19  34  1536.52968138
19  35  597.77529956
19  36  5183.30172108
19  37  2650.29590956
19  38  1626.3582403199998
19  39  2096.81227906
19  40  1.0002968478
19  41  822.30358112
19  42  1215.408087956
19  43  16.798250670199998
19  44  2937.72778304
19  45  7048.88008992
19  46  146.31750942399998
19  47  391.70487643599995
19  48  962.7280089239999
19  49  130.79018352999998
19  50  245.659322196
19  51  2558.7781865200004
19  52  177.49375288839997
19  53  0.164037626228
19  54  3980.5272822399997
19  55  659.4112724079998
19  56  1614.1090987400003
19  57  263.8630251352
20  0  0.1422480386056
20  1  0.9807818443427999
20  2  4.687096808735999
20  3  0.06510774736564001
20  4  16.668268032140002
20  5  0.3313369571648
20  6  3.88562043752
20  7  3.8287109680159994
20  8  56.11211962298801
20  9  2.7311549909
20  10  194.17044484256004
20  11  40.574869187876
20  12  156.14822806588
20  13  18.664990143799997
20  14  125.22963814252002
20  15  64.1206503872
20  16  528.9330158552401
20  17  445.1901891866
20  18  0.00451448945916
20  19  538.2117878787999
20  20  464.616916565128
20  21  0.7010750011684002
20  22  51.149807931999995
20  23  806.1782283776
20  24  9.122863743988
20  25  419.722287164
20  26  930.4754401452001
20  27  28.19254140572
20  28  291.71075808143996
20  29  1967.4116130947998
20  30  170.9720209784
20  31  29.00550333796
20  32  1880.8119014200001
20  33  357.16175161319995
20  34  535.7152924724
20  35  179.449244696
20  36  2036.6306847000003
20  37  880.5930335479999
20  38  945.2744250400001
20  39  1043.4415910628002
20  40  0.492079310172
20  41  134.14927133999998
20  42  134.9630011548
20  43  3.1793020937879994
20  44  765.483581832
20  45  1509.231419952
20  46  30.837397191840004
20  47  72.52050321799999
20  48  788.45421286104
20  49  50.11810877283999
20  50  100.71566228424
20  51  749.546355164
20  52  20.9354789414
20  53  0.08606079236712
20  54  607.632656456
20  55  72.9064016128
20  56  234.33068468679997
20  57  34.0993119132
21  0  0.0017885120431810004
21  1  0.0027715255248000003
21  2  0.0247075441385
21  3  0.00028426627983600005
21  4  0.07088401223280001
21  5  0.004719787341620001
21  6  0.14838772045280002
21  7  0.027698435311600003
21  8  0.1573685522984
21  9  0.07908625460778
21  10  0.6066894534780001
21  11  0.0736923695278
21  12  0.6626016037119999
21  13  0.6115325506416001
21  14  1.2848915321810002
21  15  1.632291357626
21  16  1.9931731137120003
21  17  1.6899449107900002
21  18  0.000553923386098
21  19  1.7277201080999998
21  20  0.7010750011684002
21  21  0.009914408718510001
21  22  2.1950373680679998
21  23  9.586529597070001
21  24  0.09562053737500001
21  25  2.0217376600800003
21  26  6.59809826231
21  27  0.415573183432
21  28  1.6030221421220001
21  29  15.02932101464
21  30  1.5691999742179998
21  31  0.527190111726
21  32  20.19210330213
21  33  3.49285637376
21  34  9.66839486868
21  35  4.042284709415
21  36  30.390308150520003
21  37  17.097814398340002
21  38  6.56612227458
21  39  10.16496155176
21  40  0.004904531532
21  41  6.653380985405
21  42  10.447981924709001
21  43  0.131661835919
21  44  20.99426491931
21  45  53.54979378678
21  46  1.1163192815170002
21  47  3.085776509734
21  48  1.6674078383220001
21  49  0.779173467181
21  50  1.3996942157699999
21  51  17.483225111980005
21  52  1.5138977251021
21  53  0.00075226647098
21  54  32.611800938710005
21  55  5.671552696747
21  56  13.341115274030003
21  57  2.2217061153988005
22  0  0.39201824543319996
22  1  0.416832144672
22  2  4.73305565964
22  3  0.0516512954608
22  4  12.77104691456
22  5  1.045559677976
22  6  34.509555493760004
22  7  5.66349597776
22  8  23.561903382399997
22  9  18.227023026296
22  10  96.39100389199999
22  11  7.448284849999999
22  12  119.29489063359998
22  13  141.55522829311997
22  14  275.85506934999995
22  15  374.2509214712
22  16  344.001593328
22  17  292.488493892
22  18  0.13132728174
22  19  278.197483672
22  20  51.149807931999995
22  21  2.1950373680679998
22  22  512.0722083375999
22  23  2090.278405028
22  24  20.57820040552
22  25  378.215621216
22  26  1344.4911068999997
22  27  92.3066962112
22  28  310.18603498799996
22  29  3100.64187744
22  30  332.37210317359995
22  31  118.79371854159999
22  32  4356.927679515999
22  33  745.68940176
22  34  2177.670441872
22  35  921.633238418
22  36  6756.546093264
22  37  3867.787018808
22  38  1333.134029656
22  39  2169.107132544
22  40  1.04943299328
22  41  1557.381011046
22  42  2464.5767617308
22  43  30.68701025832
22  44  4828.404462372
22  45  12426.894415176
22  46  259.212362118
22  47  719.7154514888
22  48  201.029473212
22  49  173.7565320028
22  50  309.4543550136
22  51  3992.808504296
22  52  356.76776568571995
22  53  0.15831004426080003
22  54  7646.075659411999
22  55  1337.9532129124
22  56  3131.493972868
22  57  522.7247116881599
23  0  1.7342409853910001
23  1  2.92244814042
23  2  24.7991756779
23  3  0.288776716662
23  4  72.1426084998
23  5  4.5629538069399995
23  6  141.4380998968
23  7  27.36045791
23  8  166.06871437659998
23  9  75.58638981138
23  10  633.382759362
23  11  82.1861797892
23  12  674.471187254
23  13  583.7115291036
23  14  1253.023048909
23  15  1562.4522221260002
23  16  2047.183788498
23  17  1734.7266339800003
23  18  0.524892841772
23  19  1799.17965912
23  20  806.1782283776
23  21  9.586529597070001
23  22  2090.278405028
23  23  9309.14740401
23  24  93.18813724520001
23  25  2040.42257028
23  26  6523.28490259
23  27  401.46078131
23  28  1605.138252838
23  29  14811.91099186
23  30  1535.853825238
23  31  507.19808778000004
23  32  19664.34367323
23  33  3411.39821274
23  34  9302.916541740002
23  35  3875.7169913650005
23  36  29350.543657920003
23  37  16430.85299834
23  38  6497.63962518
23  39  9929.14471058
23  40  4.7872354158
23  41  6329.388586255
23  42  9915.810808458999
23  43  125.4126152392
23  44  20077.698826810003
23  45  51074.90481618
23  46  1064.533742543
23  47  2938.696563014
23  48  1819.5295473780002
23  49  751.8663295370001
23  50  1353.942628866
23  51  16754.58762518
23  52  1437.2132969891
23  53  0.7375470789280001
23  54  31008.31427381
23  55  5382.560244257
23  56  12680.74413235
23  57  2110.2120221348005
24  0  0.017339250571240004
24  1  0.031195177768200005
24  2  0.255020589084
24  3  0.0029976882481000003
24  4  0.7499611857020001
24  5  0.045506752556
24  6  1.3935502592720002
24  7  0.27777974328800004
24  8  1.773682919878
24  9  0.7464771957692
24  10  6.711889090160001
24  11  0.911927269946
24  12  7.012328502699999
24  13  5.758157740124
24  14  12.587816266419999
24  15  15.450926427440002
24  16  21.43073363514
24  17  18.151774134500002
24  18  0.00514521088086
24  19  19.030126124200002
24  20  9.122863743988
24  21  0.09562053737500001
24  22  20.57820040552
24  23  93.18813724520001
24  24  0.935655987202
24  25  21.0734096972
24  26  66.2753109642
24  27  4.00124674286
24  28  16.47522633984
24  29  150.0985915938
24  30  15.47571997712
24  31  5.037469166980001
24  32  197.3218947832
24  33  34.3140102642
24  34  92.40603210980001
24  35  38.38094335460001
24  36  292.46326784280006
24  37  163.03305869960002
24  38  66.0639742312
24  39  99.8840279826
24  40  0.048128715918000005
24  41  62.2557595842
24  42  97.33123451496002
24  43  1.234946179062
24  44  198.39034331640002
24  45  503.50971228720005
24  46  10.49280057924
24  47  28.932263008760003
24  48  19.896391251240004
24  49  7.4864899627
24  50  13.509391364759999
24  51  165.84958461320002
24  52  14.111005976744
24  53  0.00744229396068
24  54  304.86506042840006
24  55  52.83298125028
24  56  124.63577144140001
24  57  20.727676635432005
25  0  0.375232604012
25  1  1.08848983092
25  2  6.9987741003999995
25  3  0.08797871854800002
25  4  22.2270095196
25  5  0.96084648856
25  6  25.8532060816
25  7  6.8952531296
25  8  62.086945558
25  9  14.21925195936
25  10  224.58580260000002
25  11  38.608744598
25  12  207.99683831599998
25  13  108.3139042392
25  14  284.93364796
25  15  298.645310392
25  16  665.1671145
25  17  561.78950102
25  18  0.08984684858
25  19  629.74034892
25  20  419.722287164
25  21  2.0217376600800003
25  22  378.215621216
25  23  2040.42257028
25  24  21.0734096972
25  25  596.8208085599999
25  26  1654.8217335999998
25  27  83.947286252
25  28  445.81928020000004
25  29  3668.0059857999995
25  30  360.005699176
25  31  101.987153436
25  32  4419.60919956
25  33  785.7257202
25  34  1872.9052837200002
25  35  753.35468338
25  36  6122.24694024
25  37  3267.5599092800003
25  38  1659.6772869600002
25  39  2289.3139144399997
25  40  1.0969948908
25  41  1132.47932686
25  42  1727.887229428
25  43  22.760162645199998
25  44  3801.6341045199993
25  45  9401.19008616
25  46  195.56426269999997
25  47  532.103917808
25  48  787.15290984
25  49  155.56801236799998
25  50  286.58434089599996
25  51  3240.59431136
25  52  251.28830680519997
25  53  0.17531732408800002
25  54  5517.61276292
25  55  937.7236316839999
25  56  2247.69353128
25  57  371.0267116256
26  0  1.207900423365
26  1  2.72166276852
26  2  19.729105124900002
26  3  0.239486127776
26  4  60.201871186000005
26  5  3.13835056482
26  6  91.367742528
26  7  20.5237216844
26  8  155.0099594692
26  9  49.4342627485
26  10  572.834569654
26  11  88.5700637234
26  12  563.1265996919999
26  13  379.50677314
26  14  893.521061593
26  15  1028.95647393
26  16  1760.1379001159999
26  17  1488.7021796900003
26  18  0.329904366094
26  19  1614.8293734199997
26  20  930.4754401452001
26  21  6.59809826231
26  22  1344.4911068999997
26  23  6523.28490259
26  24  66.2753109642
26  25  1654.8217335999998
26  26  4909.5963764299995
26  27  275.23211454799997
26  28  1266.175831946
26  29  11013.256323319998
26  30  1111.3866224099997
26  31  341.60055211400004
26  32  13944.267955250001
26  33  2447.6599438799994
26  34  6268.99110616
26  35  2571.247103775
26  36  20099.353089
26  37  11011.5893837
26  38  4907.3847845
26  39  7127.7136985199995
26  40  3.4263640548
26  41  4051.938435124999
26  42  6278.260230245
26  43  80.7690705842
26  44  13168.071619549999
26  45  33092.1605703
26  46  689.1535621809999
26  47  1890.76788275
26  48  1859.1621985860002
26  49  512.978983881
26  50  933.449106066
26  51  11091.1453511
26  52  911.2529278924999
26  53  0.537373188908
26  54  19804.950386149998
26  55  3407.6743657949996
26  56  8086.05701287
26  57  1341.07358509
27  0  0.0749220397274
27  1  0.113914191786
27  2  1.02718733882
27  3  0.0117858778282
27  4  2.9376546438199997
27  5  0.197841938164
27  6  6.238836467920001
27  7  1.15563105696
27  8  6.466886349419999
27  9  3.323215807352
27  10  24.9949515884
27  11  2.98717909974
27  12  27.459304429399996
27  13  25.70374308044
27  14  53.7587588448
27  15  68.5668229924
27  16  82.4300419986
27  17  69.89909766299999
27  18  0.0233179762234
27  19  71.222612926
27  20  28.19254140572
27  21  0.415573183432
27  22  92.3066962112
27  23  401.46078131
27  24  4.00124674286
27  25  83.947286252
27  26  275.23211454799997
27  27  17.4226338822
27  28  66.6794062316
27  29  627.3682558819999
27  30  65.6021127292
27  31  22.1215417846
27  32  845.071010542
27  33  146.08997293800002
27  34  405.68683049000003
27  35  169.742755831
27  36  1274.165846868
27  37  717.618101616
27  38  273.842736772
27  39  425.14159465
27  40  0.20516092613999998
27  41  279.851050577
27  42  439.6753022366
27  43  5.53638259346
27  44  882.065631494
27  45  2251.148126892
27  46  46.9300829626
27  47  129.7626914256
27  48  67.9625246736
27  49  32.6742221852
27  50  58.6646964408
27  51  734.228324712
27  52  63.70435820813999
27  53  0.031437532468400003
27  54  1371.844150734
27  55  238.67311201579997
27  56  561.246745248
27  57  93.47901179392
28  0  0.295957618809
28  1  0.785370423204
28  2  5.25825986498
28  3  0.0653026248812
28  4  16.469854039
28  5  0.7620874668839999
28  6  21.1528747224
28  7  5.282084150479999
28  8  44.77542444124
28  9  11.557578608379998
28  10  163.09866213880002
28  11  27.112010300480005
28  12  154.1004999804
28  13  88.3143075676
28  14  222.5196031846
28  15  241.872250242
28  16  489.0001004052
28  17  413.1997183280001
28  18  0.0746693867968
28  19  458.13387298400005
28  20  291.71075808143996
28  21  1.6030221421220001
28  22  310.18603498799996
28  23  1605.138252838
28  24  16.47522633984
28  25  445.81928020000004
28  26  1266.175831946
28  27  66.6794062316
28  28  335.8319127812
28  29  2818.787897204
28  30  279.50585408999996
28  31  81.6839086688
28  32  3459.4393733300003
28  33  612.090873636
28  34  1499.660568412
28  35  607.861360995
28  36  4865.4097039200005
28  37  2623.33786478
28  38  1268.3370213800001
28  39  1783.0451349640002
28  40  0.85542019596
